,n,p_contradiction,p_entailment,p_neutral,boundary
a,1441033,0.32952264104985796,0.3349840010603505,0.33549335788979157,0.33528010103290645
the,535480,0.35915440352580863,0.2781523119444237,0.3626932845297677,0.3365269255982754
in,407657,0.34756179827649225,0.3234778257211332,0.32896037600237454,0.33699352344178357
is,373876,0.33750227348104717,0.32696134547283057,0.33553638104612227,0.3371553035749922
on,236200,0.34278154106689246,0.32627434377646064,0.3309441151566469,0.33814185025201837
and,206513,0.329524049333456,0.32834736796230746,0.3421285827042365,0.3384758700035459
are,199291,0.3271196391206828,0.34300093832636697,0.3298794225529502,0.33856821961542655
of,192415,0.32804095314814335,0.3267936491437778,0.3451653977080789,0.3386609336066987
with,169510,0.3248657896289304,0.33529585275205004,0.33983835761901954,0.33900947770524104
woman,136681,0.3490609521440434,0.3252975907404833,0.32564145711547327,0.33965449679815807
two,122246,0.3292132257906189,0.345949969733161,0.3248368044762201,0.34001729216547716
people,121246,0.30557709120300874,0.38600036289856987,0.3084225458984214,0.34004479919070635
to,114069,0.28411750782421163,0.26595306349665554,0.4499294286791328,0.3402527148630286
at,98784,0.3491759799157758,0.2996942824748947,0.3511297376093295,0.3407687924696831
wearing,81140,0.33169829923588856,0.3437392161695834,0.32456248459452797,0.34153748335667466
his,72549,0.3282057643799363,0.26928007277839805,0.40251416284166563,0.3420096497073398
while,56305,0.3206464789983128,0.32645413373590265,0.35289938726578457,0.34318200396640774
sitting,53757,0.40152910318656176,0.3202001599791655,0.2782707368342727,0.34341270786207606
standing,46409,0.3399771596026633,0.3580555495701265,0.30196729082721024,0.34418134115878934
her,45673,0.32314496529678366,0.27510783176055875,0.4017472029426576,0.34426839724394565
for,42282,0.24017312331488577,0.21110638096589565,0.5487204957192185,0.34469843523749727
down,39031,0.3705772334810791,0.31580026133073713,0.31362250518818374,0.34516228496331464
walking,38849,0.3174599088779634,0.35656001441478546,0.32598007670725115,0.3451899607547431
outside,38777,0.21303865693581248,0.519276890940506,0.2676844521236816,0.34520096316946197
person,35833,0.28166773644405996,0.43239471995088324,0.2859375436050568,0.3456788568277221
women,34091,0.3512950632131648,0.31735648704936786,0.33134844973746735,0.34599034629174535
holding,34059,0.31436624680701136,0.3654247041897883,0.32020904900320035,0.34599629081925
child,32229,0.31487169940116044,0.35483570697198175,0.3302925936268578,0.3463508361361322
there,30529,0.24625765665432867,0.5421402600805791,0.2116020832650922,0.3467083645905811
water,29592,0.30264936469316034,0.37635171668018386,0.32099891862665586,0.34691846762712675
their,27922,0.31054365733113676,0.26710121051500607,0.42235513215385717,0.34731882805592157
up,26701,0.32759072693906593,0.3177034567993708,0.3547058162615632,0.3476350223965143
looking,26380,0.3027293404094011,0.345185746777862,0.3520849128127369,0.34772177298068846
as,24770,0.3220831651190957,0.306782398062172,0.3711344368187323,0.3481820216691117
some,23790,0.2772593526691887,0.37288776796973516,0.34985287936107606,0.34848477206728484
from,22892,0.33264896033548835,0.2790494495893762,0.3883015900751354,0.34877909134461166
other,21432,0.3128032848077641,0.3376726390444196,0.34952407614781633,0.3492965256110249
large,20900,0.3215789473684211,0.320622009569378,0.35779904306220095,0.349498416823809
through,20464,0.35413408913213446,0.318608287724785,0.32725762314308054,0.34966971350425907
running,20256,0.38981042654028436,0.311858214849921,0.29833135860979465,0.3497533748519479
has,20229,0.29596124375895994,0.3753522171140442,0.3286865391269959,0.3497643292561661
riding,19910,0.3796082370668006,0.3286288297338021,0.2917629331993973,0.3498954357181395
ball,19448,0.3126799670917318,0.33463595228301113,0.3526840806252571,0.35009100288296213
out,19166,0.32421997286862153,0.30413231764583115,0.3716477094855473,0.35021383515639765
near,17757,0.2607985583150307,0.45283550149236923,0.2863659401926001,0.350870777352395
beach,17630,0.3710153148043108,0.30255246738513897,0.3264322178105502,0.3509338306335022
dressed,16933,0.3205574912891986,0.35516447174156973,0.3242780369692317,0.3512924156425467
another,16372,0.3088199364769118,0.36012704617639874,0.33105301734668946,0.3515975153715039
around,16007,0.3523458486911976,0.33347910289248456,0.3141750484163179,0.35180457637010265
crowd,15741,0.29979035639413,0.3293310463121784,0.37087859729369166,0.3519599911175824
stands,14715,0.3310907237512742,0.35385660890248044,0.3150526673462453,0.35259841976826894
field,14700,0.3578231292517007,0.32081632653061226,0.32136054421768706,0.35260824638784954
sits,14065,0.39374333451830784,0.317170280838962,0.2890863846427302,0.35303855056094025
working,13377,0.2732301711893549,0.3831950362562607,0.3435747925543844,0.353538932417516
park,13057,0.36723596538255343,0.251129662250134,0.38163437236731257,0.3537850323661762
that,12918,0.3022139650100635,0.31041956959281625,0.3873664653971203,0.35389476993434715
it,12681,0.3006072076334674,0.2998974844255185,0.3994953079410141,0.3540860207099086
car,12280,0.4248371335504886,0.2757328990228013,0.2994299674267101,0.3544221354488379
picture,12253,0.2712805027340243,0.3879050028564433,0.3408144944095324,0.35444535769356683
game,12098,0.296908579930567,0.30004959497437594,0.40304182509505704,0.35458017125685015
watching,12095,0.43637866887143445,0.2562215791649442,0.30739975196362135,0.35458280608784515
talking,12046,0.29013780508052467,0.35198406109912006,0.3578781338203553,0.35462598089507197
something,11922,0.24073142090253313,0.43868478443214226,0.3205837946653246,0.3547364262230671
play,11901,0.3203932442651878,0.30862952693051005,0.3709772288043022,0.3547553013952681
off,11471,0.3339726266236597,0.28733327521576146,0.37869409816057886,0.35515311774159897
together,11464,0.2677076064200977,0.39776692254012563,0.3345254710397767,0.35515977838283114
camera,11350,0.3141850220264317,0.3564757709251101,0.32933920704845815,0.355269117500773
couple,11208,0.30442541042112775,0.3083511777301927,0.38722341184867953,0.3554076380818667
old,11195,0.34095578383206787,0.27735596248325145,0.3816882536846807,0.3554204510654086
eating,11117,0.5183952505172259,0.22874876315552756,0.25285598632724654,0.3554978003428291
city,10932,0.31394072447859495,0.3291255031101354,0.35693377241126967,0.35568455592180037
taking,10902,0.3546138323243442,0.27251880388919464,0.3728673637864612,0.3557152877149323
air,10333,0.3163650440336785,0.35855995354688863,0.3250750024194329,0.35632327558597493
he,10233,0.2821264536304114,0.24616437017492426,0.47170917619466435,0.3564353348493427
they,10155,0.2876415558838011,0.22708025603151158,0.48527818808468737,0.3565238877376693
him,9759,0.3118147351163029,0.316630802336305,0.37155446254739216,0.3569897214111003
being,9562,0.2773478351809245,0.3806734992679356,0.3419786655511399,0.35723216803363583
bench,9325,0.3878820375335121,0.3058445040214477,0.3062734584450402,0.3575339635001882
sleeping,9166,0.7299803622081605,0.13648265328387518,0.13353698450796422,0.35774296176940873
outdoors,9120,0.1362938596491228,0.6548245614035088,0.20888157894736842,0.35780444371031045
holds,8988,0.3020694259012016,0.37105028927458833,0.32688028482421005,0.3579834831538014
pool,8871,0.39882764062676135,0.28711531958065606,0.3140570397925826,0.3581455066125383
inside,8843,0.5282144068754947,0.27117494063100755,0.2006106524934977,0.35818475753265794
waiting,8700,0.25724137931034485,0.2247126436781609,0.5180459770114942,0.35838816381927496
them,8489,0.3155848745435269,0.3210036517846625,0.3634114736718106,0.3586976302416297
sit,8461,0.37158728282708897,0.32726628058149154,0.30114643659141943,0.3587395646298169
baseball,8380,0.374582338902148,0.3016706443914081,0.3237470167064439,0.35886205602383997
tree,8329,0.3639092328010565,0.30651939008284307,0.32957137711610035,0.35894009527784604
about,8293,0.239961413240082,0.2147594356686362,0.5452791510912818,0.3589956147016115
performing,8105,0.25157310302282543,0.3446020974706971,0.4038247995064775,0.35929153400714814
day,8049,0.3112187849422288,0.2524537209591254,0.4363274940986458,0.3593816780982246
swimming,7996,0.5352676338169085,0.21710855427713857,0.24762381190595298,0.35946786382377227
ground,7794,0.3745188606620477,0.3321785989222479,0.29330254041570436,0.3598043666322906
back,7786,0.3331620857950167,0.3068327767788338,0.3600051374261495,0.3598179624386821
getting,7786,0.26239404058566657,0.2924479835602363,0.4451579758540971,0.3598179624386821
race,7731,0.2919415340835597,0.2843099210968827,0.42374854481955765,0.3599120041562396
room,7715,0.423849643551523,0.2929358392741413,0.2832145171743357,0.35993955039586284
who,7651,0.3033590380342439,0.3220494053064959,0.37459155665926025,0.36005059808676687
having,7577,0.28441335620958164,0.29602745149795434,0.419559192292464,0.36018074681247403
work,7504,0.2583955223880597,0.2690565031982942,0.47254797441364604,0.360311018519224
construction,7478,0.3003476865472051,0.31960417223856646,0.3800481412142284,0.36035787671572367
football,7433,0.3761603659356922,0.30216601641329205,0.32167361765101576,0.3604395576926791
rock,7428,0.3086968228325256,0.32606354334948845,0.365239633817986,0.3604486791467716
someone,7412,0.21370750134916353,0.4473826227738802,0.3389098758769563,0.36047792979800963
all,7408,0.4094222462203024,0.24487041036717064,0.345707343412527,0.3604852572637835
band,7295,0.2980123372172721,0.3000685400959561,0.40191912268677177,0.36069474163801135
trying,7079,0.2265856759429298,0.23167113999152422,0.541743184065546,0.36110904139986527
workers,7036,0.3119670267197271,0.320636725412166,0.3673962478681069,0.3611937867237507
reading,6982,0.36536808937267257,0.3066456602692638,0.3279862503580636,0.36130131799922927
dancing,6836,0.39394382679929785,0.31597425394967815,0.290081919251024,0.3615984035094034
using,6556,0.28737034777303233,0.39093959731543626,0.3216900549115314,0.36219567893148835
be,6550,0.29770992366412213,0.30320610687022903,0.39908396946564884,0.36220889530046224
its,6549,0.3163841807909605,0.29317453046266606,0.3904412887463735,0.36221109979425997
making,6545,0.28663101604278074,0.31871657754010696,0.3946524064171123,0.36221992282118776
going,6404,0.24312929419113055,0.23219862585883821,0.5246720799500312,0.36253619649572855
this,6230,0.27993579454253614,0.39325842696629215,0.32680577849117176,0.36294119696090743
long,6194,0.3159509202453988,0.30400387471746854,0.3800452050371327,0.36302711388265396
ocean,6153,0.3898911100276288,0.27807573541361935,0.3320331545587518,0.3631258806343042
suit,6134,0.3699054450603195,0.30860776002608414,0.32148679491359633,0.3631719860089627
she,6123,0.28548097337906253,0.24922423648538297,0.46529479013555447,0.3631987766260749
basketball,6039,0.4154661367776122,0.288789534691174,0.2957443285312138,0.3634057673240353
team,6001,0.2897850358273621,0.2744542576237294,0.4357607065489085,0.3635008305751768
runs,5937,0.36937847397675594,0.32491157150075795,0.3057099545224861,0.3636629953436554
was,5791,0.34121913313762736,0.25073389742704194,0.4080469694353307,0.36404294414694577
home,5695,0.5232660228270413,0.10992098331870062,0.36681299385425814,0.3643006967559795
restaurant,5639,0.38340131228941304,0.2865756339776556,0.3300230537329314,0.3644540828307908
toy,5599,0.2873727451330595,0.3423825683157707,0.3702446865511699,0.36456505037666675
chair,5539,0.38129626286333274,0.31269182162845277,0.3060119155082145,0.36473375011148745
floor,5534,0.38507408745934224,0.31080592699674736,0.3041199855439104,0.3647479321350542
friends,5505,0.21653042688465032,0.14150772025431427,0.6419618528610355,0.3648305685302789
during,5350,0.3069158878504673,0.27869158878504674,0.41439252336448595,0.36528357916600507
kid,5289,0.29476271506901114,0.3711476649650217,0.3340896199659671,0.3654672979820376
music,5281,0.22722969134633592,0.4010604052262829,0.3717099034273812,0.3654916280742218
have,5262,0.30976814899277844,0.3217407829722539,0.3684910680349677,0.36554963425418296
family,5217,0.290205098715737,0.22925052712286756,0.48054437416139545,0.3656882791391377
bus,5213,0.38941108766545174,0.2631881833876846,0.34740072894686364,0.36570068993583726
lake,5129,0.3817508286215637,0.2571651394033925,0.36108403197504385,0.3659646610989462
after,5101,0.27680846892766126,0.1819251127229955,0.5412664183493433,0.3660540971689321
ready,5023,0.2504479394783994,0.2504479394783994,0.4991041210432013,0.36630717179470595
ride,4992,0.304286858974359,0.31310096153846156,0.38261217948717946,0.3664093960503755
clothing,4984,0.30296950240770465,0.38362760834670945,0.31340288924558585,0.366435931203233
house,4903,0.4327962471955945,0.21802977768713033,0.34917397511727516,0.36670824680829955
clothes,4814,0.29289572081429166,0.4113003739094308,0.29580390527627753,0.36701534733921864
posing,4780,0.2711297071129707,0.348744769874477,0.3801255230125523,0.36713492466805214
drinking,4770,0.41844863731656184,0.27253668763102723,0.3090146750524109,0.36717033755501405
not,4765,0.5183630640083945,0.2736621196222455,0.2079748163693599,0.3671880857881892
very,4733,0.30466934291147263,0.2708641453623495,0.4244665117261779,0.36730233965425685
laying,4729,0.4514696553182491,0.2850496933812645,0.26348065130048637,0.367316702871102
no,4684,0.6953458582408198,0.142399658411614,0.16225448334756618,0.3674795547307207
ice,4678,0.38584865327062845,0.29350149636596834,0.32064985036340315,0.367501445675205
enjoying,4658,0.2606268784886217,0.2913267496779734,0.4480463718334049,0.367574720716134
big,4640,0.2821120689655172,0.27607758620689654,0.4418103448275862,0.3676410729123792
shopping,4620,0.3177489177489177,0.2878787878787879,0.3943722943722944,0.36771525189536847
middle,4588,0.37467306015693114,0.2999128160418483,0.3254141238012206,0.36783494562053265
kitchen,4498,0.40151178301467316,0.3045798132503335,0.29390840373499333,0.3681784055978329
book,4471,0.3782151643927533,0.2968016103779915,0.3249832252292552,0.3682834604898948
worker,4361,0.30314148131162577,0.32217381334556294,0.3746847053428113,0.36872149900228113
away,4251,0.4206069160197601,0.24888261585509291,0.330510468125147,0.36917643157526436
market,4198,0.29394949976179136,0.3334921391138637,0.37255836112434493,0.36940198253447815
get,4089,0.23281976033259966,0.2186353631694791,0.5485448764979213,0.36987955969146397
couch,4088,0.5880626223091977,0.2071917808219178,0.20474559686888455,0.3698840293577631
towards,4054,0.3063640848544647,0.321657622101628,0.3719782930439072,0.37003698063085283
tall,3928,0.1939918533604888,0.18228105906313646,0.6237270875763747,0.37062101270357756
jump,3883,0.30723667267576615,0.31676538758691736,0.3759979397373165,0.37083645335774873
bed,3861,0.6102046102046103,0.18777518777518779,0.20202020202020202,0.37094314808264794
driving,3844,0.5616545265348595,0.2169614984391259,0.22138397502601456,0.37102622059998863
high,3816,0.31472746331236895,0.30424528301886794,0.3810272536687631,0.371164254130646
event,3788,0.26874340021119325,0.34424498416050686,0.3870116156282999,0.371303815313736
just,3758,0.25199574241617884,0.1804151144225652,0.567589143161256,0.3714550726460277
cat,3707,0.7251146479633126,0.11491772322632857,0.15996762881035878,0.37171641164320995
fire,3701,0.390705214806809,0.28100513374763575,0.3282896514455553,0.3717475120493738
stick,3670,0.3008174386920981,0.3220708446866485,0.3771117166212534,0.37190941060380706
photo,3664,0.27347161572052403,0.34443231441048033,0.38209606986899564,0.3719409828998604
night,3633,0.3214973850812001,0.2931461601981833,0.3853564547206166,0.3721053504818566
party,3587,0.26233621410649566,0.21243378868134932,0.525229997212155,0.3723531663698883
school,3583,0.31900641920178624,0.18364499023164946,0.49734859056656433,0.37237494083198286
fishing,3533,0.32295499575431647,0.30370789697141237,0.37333710727427116,0.3726502340987019
bar,3514,0.42686397268070575,0.2546955036994878,0.3184405236198065,0.3727563829404751
adults,3484,0.3811710677382319,0.31802525832376577,0.3008036739380023,0.37292575096765074
like,3482,0.3256748994830557,0.29437105112004597,0.3799540493968983,0.3729371199320299
cooking,3477,0.3747483462755249,0.3183779119930975,0.3068737417313776,0.37296558524627677
catch,3472,0.2963709677419355,0.2638248847926267,0.4398041474654378,0.37299411202742155
preparing,3458,0.2651821862348178,0.29872758820127243,0.43609022556390975,0.37307431590851586
mother,3382,0.2761679479597871,0.1995860437610881,0.5242460082791248,0.3735183630155264
new,3376,0.22511848341232227,0.15136255924170616,0.6235189573459715,0.3735540566092537
body,3347,0.30953092321481923,0.37675530325664774,0.313713773528533,0.3737279265373305
trick,3320,0.258433734939759,0.33825301204819275,0.4033132530120482,0.3738918490589408
hard,3316,0.3106151990349819,0.310313630880579,0.3790711700844391,0.3739163039997975
selling,3273,0.30339138405132904,0.30308585395661475,0.3935227619920562,0.3741820194744946
racing,3269,0.288161517283573,0.3071275619455491,0.40471092077087795,0.3742070033827271
alone,3256,0.6858108108108109,0.14312039312039312,0.17106879606879608,0.37428851879861463
concert,3122,0.3058936579115951,0.2238949391415759,0.47021140294682895,0.3751582077590502
animal,3070,0.19022801302931597,0.5612377850162866,0.2485342019543974,0.3755109375643424
pictures,2971,0.2857623695725345,0.30865028609895656,0.4055873443285089,0.37620790251956104
gathered,2967,0.296932928884395,0.38591169531513314,0.3171553758004719,0.37623679374196783
take,2944,0.28566576086956524,0.2673233695652174,0.4470108695652174,0.3764040593291763
fish,2904,0.3305785123966942,0.27479338842975204,0.39462809917355374,0.37669967519397274
asleep,2880,0.6927083333333334,0.15034722222222222,0.15694444444444444,0.37687999340151335
what,2857,0.29926496324816243,0.30836541827091357,0.39236961848092405,0.3770549261085527
sunny,2826,0.3308563340410474,0.2724699221514508,0.39667374380750176,0.37729407555472816
practicing,2776,0.2546829971181556,0.25324207492795386,0.4920749279538905,0.37768820879559706
time,2771,0.22663298448213642,0.24828581739444244,0.5250811981234211,0.3777282077896235
instrument,2744,0.22376093294460642,0.5244169096209913,0.25182215743440234,0.37794608815143194
frisbee,2727,0.3193986065273194,0.2992299229922992,0.3813714704803814,0.37808492909705116
instruments,2693,0.2959524693650204,0.4147790568139621,0.28926847382101745,0.37836654473135634
empty,2667,0.6070491188601425,0.1803524559430071,0.2125984251968504,0.3785855218027428
dinner,2645,0.4680529300567108,0.12816635160680528,0.40378071833648393,0.37877332644795597
go,2641,0.3116243847027641,0.18439984854221886,0.503975766755017,0.37880772463086443
throwing,2633,0.43220660843144704,0.2707937713634637,0.29699962020508924,0.3788767560046413
parade,2633,0.2726927459172047,0.2818078237751614,0.4454994303076339,0.3788767560046413
rain,2613,0.33983926521239954,0.23383084577114427,0.4263298890164562,0.3790507192914158
show,2610,0.2628352490421456,0.23295019157088123,0.5042145593869731,0.3790769861053945
competition,2594,0.17656129529683887,0.19275250578257516,0.630686198920586,0.3792178444919738
audience,2554,0.2897415818324197,0.30618637431480034,0.40407204385277995,0.3795757634188642
vehicle,2554,0.2572435395458105,0.46280344557556774,0.2799530148786218,0.3795757634188642
beer,2498,0.38470776621297037,0.2790232185748599,0.33626901521216973,0.38009122044095695
performs,2483,0.2666129681836488,0.34756343133306483,0.38582360048328634,0.38023224183417303
human,2438,0.05947497949138638,0.566447908121411,0.37407711238720265,0.38066308703308094
equipment,2412,0.2898009950248756,0.39344941956882257,0.3167495854063018,0.38091749730003865
break,2405,0.32182952182952185,0.1787941787941788,0.4993762993762994,0.38098669628700144
can,2395,0.27265135699373694,0.31022964509394574,0.4171189979123173,0.38108607775668846
indoors,2386,0.4966471081307628,0.3704945515507125,0.13285834031852473,0.3811760547442127
students,2382,0.3060453400503778,0.29429051217464314,0.399664147774979,0.3812162081053812
nobody,2380,0.9941176470588236,0.0008403361344537816,0.005042016806722689,0.3812363227354522
giving,2360,0.2940677966101695,0.2944915254237288,0.4114406779661017,0.3814388732769489
chasing,2356,0.3637521222410866,0.183786078098472,0.4524617996604414,0.3814796925799605
object,2348,0.2785349233390119,0.4190800681431005,0.3023850085178876,0.3815616438890497
wedding,2320,0.25301724137931036,0.2620689655172414,0.4849137931034483,0.3818518039403842
art,2316,0.2646804835924007,0.35233160621761656,0.38298791018998274,0.3818936843716667
before,2304,0.25390625,0.2092013888888889,0.5368923611111112,0.38201997938609644
make,2299,0.25228360156589824,0.2779469334493258,0.469769464984776,0.3820728939175847
wet,2299,0.22009569377990432,0.4684645498042627,0.311439756415833,0.3820728939175847
cream,2284,0.3997373029772329,0.26532399299474607,0.334938704028021,0.3822326787214109
son,2279,0.2904782799473453,0.18560772268538833,0.5239139973672663,0.3822862905622997
happy,2272,0.2011443661971831,0.31778169014084506,0.4810739436619718,0.3823616442518948
father,2263,0.27132125497127707,0.1992929739284136,0.5293857711003094,0.38245904083796023
hot,2234,0.4243509400179051,0.19561324977618622,0.3800358102059087,0.3827768680275392
fighting,2199,0.4552069122328331,0.25056844020009095,0.29422464756707595,0.3831687943757703
flying,2196,0.5068306010928961,0.25045537340619306,0.24271402550091076,0.3832028233732776
coffee,2193,0.4058367533059736,0.2498860009119927,0.3442772457820337,0.3832369221738703
lunch,2185,0.4745995423340961,0.09794050343249427,0.4274599542334096,0.38332819538930124
showing,2167,0.2533456391324412,0.3137978772496539,0.43285648361790496,0.38353540500791433
wears,2161,0.2966219342896807,0.4113836186950486,0.2919944470152707,0.38360504953389635
swim,2155,0.34849187935034803,0.2357308584686775,0.4157772621809745,0.3836749847166083
fun,2145,0.17342657342657342,0.2778554778554779,0.5487179487179488,0.38379219477371834
friend,2136,0.21254681647940074,0.1540262172284644,0.6334269662921348,0.383898386812833
lying,2102,0.41294005708848713,0.31351094196003804,0.2735490009514748,0.38430569304216206
way,2095,0.24343675417661098,0.22195704057279236,0.5346062052505967,0.38439077871434657
tv,2078,0.78055822906641,0.08373435996150144,0.13570741097208855,0.3845992023378483
animals,2045,0.25036674816625915,0.5183374083129584,0.2312958435207824,0.3850111835582391
eat,2011,0.4157135753356539,0.22874191944306316,0.35554450522128295,0.3854462115119419
cake,2002,0.39760239760239763,0.2792207792207792,0.32317682317682317,0.38556321699878976
teams,1977,0.3024785027819929,0.30450177035913,0.3930197268588771,0.38589241402863733
eats,1968,0.6509146341463414,0.17682926829268292,0.1722560975609756,0.3860124577648263
class,1950,0.32256410256410256,0.22256410256410256,0.45487179487179485,0.3862550336806008
perform,1947,0.2665639445300462,0.31689779147406266,0.4165382639958911,0.3862957897130929
gets,1921,0.293076522644456,0.30609057782404997,0.40083289953149404,0.3866529983961412
match,1915,0.2939947780678851,0.27780678851174934,0.4281984334203655,0.3867364625720348
competing,1908,0.18920335429769392,0.2641509433962264,0.5466457023060797,0.3868343346019554
made,1884,0.3476645435244161,0.25796178343949044,0.39437367303609344,0.38717402691155434
hit,1876,0.302771855010661,0.30756929637526653,0.3896588486140725,0.38728870370511465
prepares,1870,0.2802139037433155,0.2914438502673797,0.4283422459893048,0.38737519380130186
place,1867,0.26245313336904125,0.3352972683449384,0.40224959828602036,0.38741859511505783
video,1852,0.4811015118790497,0.23218142548596113,0.2867170626349892,0.3876371811942336
how,1848,0.26406926406926406,0.22564935064935066,0.5102813852813853,0.3876959198245594
business,1819,0.34194612424409015,0.2644310060472787,0.39362286970863114,0.3881275528859187
church,1800,0.40944444444444444,0.2111111111111111,0.3794444444444444,0.3884159854567542
moving,1800,0.19111111111111112,0.55,0.2588888888888889,0.3884159854567542
desk,1763,0.39251276233692567,0.3159387407827567,0.29154849688031764,0.3889909927535113
first,1748,0.17162471395881007,0.12356979405034325,0.7048054919908466,0.3892292883747679
do,1738,0.30724971231300346,0.27042577675489066,0.4223245109321059,0.3893898631239737
office,1718,0.47729918509895225,0.21129220023282888,0.31140861466821884,0.38971520845473956
waits,1717,0.26965637740244613,0.25684333139196275,0.4735002912055912,0.38973162478209905
tries,1713,0.27437244600116756,0.2819614711033275,0.44366608289550497,0.3897974337793395
only,1701,0.586713697824809,0.16049382716049382,0.25279247501469726,0.3899962516496025
taken,1691,0.2241277350680071,0.37610881135422825,0.39976345357776466,0.3901635473142561
marathon,1685,0.3685459940652819,0.2344213649851632,0.39703264094955487,0.3902646387916896
crying,1678,0.4970202622169249,0.22228843861740166,0.2806912991656734,0.39038326345914276
because,1666,0.24369747899159663,0.03961584633853541,0.7166866746698679,0.3905883567393881
skiing,1662,0.42178098676293624,0.29482551143200963,0.2833935018050541,0.3906572142788907
cafe,1658,0.4264173703256936,0.26537997587454765,0.30820265379975875,0.39072632085123643
daughter,1657,0.28062764031382015,0.17863608931804467,0.5407362703681352,0.39074363658176103
see,1640,0.25182926829268293,0.2707317073170732,0.4774390243902439,0.39104042285483376
life,1633,0.3104715248009798,0.2878138395590937,0.40171463563992654,0.39116397388375895
wait,1632,0.27512254901960786,0.2928921568627451,0.4319852941176471,0.3911816888912354
tricks,1617,0.2300556586270872,0.3085961657390229,0.4613481756338899,0.39144938285020003
humans,1575,0.0380952380952381,0.6222222222222222,0.3396825396825397,0.39221916539067536
gym,1571,0.4201145767027371,0.2609802673456397,0.31890515595162316,0.39229408378236896
fixing,1554,0.29407979407979407,0.29407979407979407,0.4118404118404118,0.3926157074607351
artist,1554,0.2754182754182754,0.3153153153153153,0.4092664092664093,0.3926157074607351
musical,1535,0.2586319218241042,0.43778501628664496,0.3035830618892508,0.39298147326523125
desert,1527,0.5003274394237066,0.23968565815324164,0.2599869024230517,0.3931375183714594
conversation,1511,0.27332892124420916,0.400397088021178,0.32627399073461283,0.3934533182438856
helping,1498,0.260347129506008,0.32376502002670227,0.4158878504672897,0.3937136224766385
karate,1486,0.2759084791386272,0.32705248990578734,0.39703903095558546,0.39395692885845957
diving,1486,0.4165545087483176,0.27927321668909827,0.3041722745625841,0.39395692885845957
sad,1478,0.16170500676589986,0.08322056833558863,0.7550744248985115,0.3941207767127405
sleeps,1475,0.5627118644067797,0.21898305084745762,0.2183050847457627,0.3941825630509467
picnic,1463,0.3513328776486671,0.2228298017771702,0.4258373205741627,0.39443160595961135
classroom,1461,0.3997262149212868,0.30116358658453113,0.2991101984941821,0.39447341114590967
christmas,1459,0.2762165867032214,0.2556545579163811,0.46812885538039756,0.3945153022627207
cold,1439,0.21195274496177902,0.3071577484364142,0.4808895066018068,0.3949390051710621
chinese,1427,0.31394533987386125,0.2908199018920813,0.39523475823405746,0.3951974916427164
huge,1413,0.28308563340410475,0.2484076433121019,0.46850672328379334,0.3955032111948174
throws,1405,0.44341637010676155,0.2683274021352313,0.28825622775800713,0.3956799560513964
town,1400,0.32785714285714285,0.27,0.40214285714285714,0.3957911900786714
shows,1381,0.2838522809558291,0.30702389572773353,0.4091238233164374,0.39621937451811473
performance,1370,0.24087591240875914,0.30875912408759126,0.45036496350364963,0.396471331984357
jogging,1369,0.44558071585098613,0.2702702702702703,0.2841490138787436,0.39649438767205303
living,1368,0.5219298245614035,0.20394736842105263,0.2741228070175439,0.39651746863549064
plane,1365,0.4981684981684982,0.22197802197802197,0.27985347985347986,0.3965868636430093
washing,1361,0.429096252755327,0.26671565025716387,0.3041880969875092,0.39667974699746283
owner,1353,0.15003695491500368,0.08795269770879527,0.762010347376201,0.3968667478874084
naked,1351,0.7520355292376018,0.11843079200592153,0.12953367875647667,0.3969137574495591
part,1343,0.2099776619508563,0.24348473566641846,0.5465376023827252,0.3971028446302076
photographer,1333,0.27081770442610653,0.304576144036009,0.42460615153788445,0.39734159316762335
money,1327,0.2185380557648832,0.18990203466465713,0.5915599095704597,0.3974861359030621
enjoy,1307,0.2739097169089518,0.2754399387911247,0.4506503442999235,0.3979751125096529
close,1294,0.25656877897990726,0.41112828438948995,0.3323029366306028,0.398299008593913
birthday,1294,0.19242658423493045,0.12982998454404945,0.6777434312210201,0.398299008593913
professional,1291,0.21223857474825716,0.2029434546862897,0.5848179705654531,0.3983744477622677
movie,1274,0.631083202511774,0.06985871271585557,0.2990580847723705,0.39880695749362105
nap,1263,0.6144101346001584,0.13380839271575615,0.2517814726840855,0.3990914580893275
sunset,1262,0.294770206022187,0.294770206022187,0.410459587955626,0.3991175060700504
performer,1254,0.2822966507177033,0.30462519936204147,0.4130781499202552,0.3993270103352565
coming,1254,0.2886762360446571,0.3094098883572568,0.4019138755980861,0.3993270103352565
well,1236,0.27184466019417475,0.3074433656957929,0.42071197411003236,0.3998058099167342
wife,1234,0.23905996758508913,0.07860615883306321,0.6823338735818476,0.39985965559310793
females,1232,0.29383116883116883,0.4042207792207792,0.30194805194805197,0.3999136323340442
local,1231,0.3322502030869212,0.17546709991876522,0.49228269699431354,0.3999406700200321
festival,1222,0.24631751227495907,0.265139116202946,0.4885433715220949,0.4001855007536703
good,1221,0.1769041769041769,0.24078624078624078,0.5823095823095823,0.4002128711406595
airplane,1218,0.45648604269293924,0.26108374384236455,0.2824302134646962,0.4002951844491136
mall,1215,0.5094650205761316,0.1794238683127572,0.3111111111111111,0.40037780243379434
closed,1210,0.4413223140495868,0.27107438016528923,0.28760330578512394,0.40051618125821087
mud,1199,0.41451209341117595,0.2652210175145955,0.3202668890742285,0.4008236558528338
so,1197,0.24979114452798662,0.15873015873015872,0.5914786967418546,0.40088001521340216
puppy,1196,0.338628762541806,0.2140468227424749,0.44732441471571904,0.40090824789253676
fair,1182,0.26903553299492383,0.27580372250423013,0.45516074450084604,0.40130725971276393
goal,1182,0.2859560067681895,0.2868020304568528,0.4272419627749577,0.40130725971276393
pond,1167,0.414738646101114,0.24592973436161097,0.3393316195372751,0.4017427153281279
project,1154,0.23483535528596186,0.29462738301559793,0.47053726169844023,0.4021269576960214
been,1141,0.2427695004382121,0.2462751971954426,0.5109553023663453,0.4025177483060568
summer,1138,0.37082601054481545,0.17750439367311072,0.45166959578207383,0.4026088803960198
buying,1134,0.35714285714285715,0.19223985890652556,0.4506172839506173,0.40273095193926456
fast,1128,0.3519503546099291,0.21365248226950354,0.43439716312056736,0.4029152752880998
climb,1124,0.3069395017793594,0.2820284697508897,0.4110320284697509,0.4030389766158942
drives,1121,0.47100802854594115,0.26672613737734163,0.2622658340767172,0.4031321867889566
piano,1117,0.5102954341987467,0.23903312444046554,0.25067144136078784,0.40325705066954387
games,1109,0.5401262398557258,0.19116321009918846,0.26871055004508565,0.40350880204138423
clean,1107,0.35862691960252935,0.23667570009033423,0.4046973803071364,0.4035721659086573
married,1093,0.18938700823421775,0.19579139981701738,0.6148215919487648,0.40402057158279
but,1092,0.3415750915750916,0.2518315018315018,0.4065934065934066,0.4040529301279728
put,1091,0.29514207149404215,0.2841429880843263,0.42071494042163154,0.40408533315225936
enjoys,1086,0.22099447513812154,0.26611418047882135,0.5128913443830571,0.4042480190415001
song,1085,0.2055299539170507,0.21566820276497695,0.5788018433179724,0.40428069109377857
homeless,1085,0.22672811059907835,0.20276497695852536,0.5705069124423963,0.40428069109377857
chef,1072,0.3041044776119403,0.2789179104477612,0.41697761194029853,0.40470957928339135
touching,1068,0.23876404494382023,0.5159176029962547,0.24531835205992508,0.40484311774616266
nice,1066,0.275797373358349,0.29362101313320826,0.43058161350844276,0.4049101686604833
had,1060,0.27641509433962264,0.25,0.47358490566037736,0.4051124587538981
things,1056,0.19318181818181818,0.4990530303030303,0.3077651515151515,0.4052482755743452
parents,1052,0.22813688212927757,0.1397338403041825,0.6321292775665399,0.405384866280969
dry,1032,0.5,0.23546511627906977,0.26453488372093026,0.4060796898106608
celebrating,1032,0.19476744186046513,0.2248062015503876,0.5804263565891473,0.4060796898106608
help,1027,0.2560856864654333,0.3028237585199611,0.44109055501460565,0.40625655940427463
sport,1017,0.19370698131760078,0.5496558505408063,0.25663716814159293,0.40661420365883755
device,1000,0.28,0.422,0.298,0.4072344660506987
will,999,0.23723723723723725,0.19119119119119118,0.5715715715715716,0.4072714443530964
sale,998,0.2745490981963928,0.3096192384769539,0.41583166332665333,0.40730847822019184
weather,991,0.24217961654894046,0.29969727547931385,0.4581231079717457,0.4075692828640981
meeting,975,0.3117948717948718,0.2041025641025641,0.4841025641025641,0.40817591970828393
job,973,0.21788283658787255,0.24665981500513876,0.5354573484069887,0.4082527996323805
pizza,972,0.5617283950617284,0.15637860082304528,0.28189300411522633,0.4082913285453408
tourists,966,0.2701863354037267,0.2577639751552795,0.4720496894409938,0.4085237569952962
museum,961,0.33714880332986474,0.25286160249739853,0.4099895941727367,0.40871910786664395
porch,957,0.47335423197492166,0.2507836990595611,0.27586206896551724,0.40887648961317535
mom,953,0.2570828961175236,0.19517313746065057,0.5477439664218258,0.40903486118381893
fans,949,0.2781875658587987,0.30031612223393045,0.4214963119072708,0.40919423299780266
teacher,948,0.29430379746835444,0.2510548523206751,0.45464135021097046,0.40923423347496374
chases,941,0.49309245483528164,0.20191285866099895,0.30499468650371947,0.4095160198066304
happily,941,0.1944739638682253,0.18703506907545164,0.6184909670563231,0.4095160198066304
prepare,928,0.2769396551724138,0.27586206896551724,0.44719827586206895,0.41004777118643987
without,926,0.4654427645788337,0.2602591792656587,0.27429805615550756,0.4101305714672637
indoor,924,0.41774891774891776,0.2803030303030303,0.30194805194805197,0.4102136404349057
practice,918,0.2821350762527233,0.25381263616557737,0.46405228758169936,0.41046447407720277
cow,916,0.44541484716157204,0.2609170305676856,0.29366812227074235,0.4105486324663875
fall,913,0.28696604600219056,0.2322015334063527,0.48083242059145676,0.4106753881727249
cats,911,0.8792535675082327,0.048298572996706916,0.07244785949506037,0.4107602396023454
swims,907,0.46416758544652703,0.2679162072767365,0.2679162072767365,0.4109307836553801
multiple,901,0.24972253052164262,0.4938956714761376,0.2563817980022198,0.4111887260298627
customers,891,0.2895622895622896,0.2884399551066218,0.4219977553310887,0.41162440594320143
library,889,0.5219347581552306,0.20584926884139482,0.2722159730033746,0.41171242291603305
shooting,885,0.4192090395480226,0.26666666666666666,0.31412429378531076,0.41188935110862196
funny,874,0.2036613272311213,0.23684210526315788,0.5594965675057209,0.41238215103472686
learning,869,0.2520138089758343,0.19907940161104717,0.5489067894131185,0.4126092380228284
caught,868,0.30184331797235026,0.2557603686635945,0.4423963133640553,0.41265489072150974
got,867,0.20761245674740483,0.15340253748558247,0.6389850057670127,0.41270062238134125
present,851,0.2972972972972973,0.43478260869565216,0.2679200940070505,0.4134432564693138
blonde,844,0.3518957345971564,0.22156398104265404,0.4265402843601896,0.41377477988517414
television,842,0.6733966745843231,0.13182897862232779,0.19477434679334918,0.4138702593805655
warm,836,0.2894736842105263,0.2703349282296651,0.44019138755980863,0.4141587507857118
teaching,832,0.26802884615384615,0.234375,0.49759615384615385,0.41435280969038124
hospital,821,0.4299634591961023,0.26065773447015833,0.3093788063337393,0.4148937651620383
favorite,820,0.12560975609756098,0.045121951219512194,0.8292682926829268,0.4149434819797176
more,812,0.1625615763546798,0.5012315270935961,0.33620689655172414,0.4153445170662724
york,800,0.28,0.25,0.47,0.4159573115184646
speech,799,0.2565707133917397,0.2928660826032541,0.45056320400500627,0.41600899996780244
buy,799,0.21026282853566958,0.16520650813516896,0.6245306633291614,0.41600899996780244
student,795,0.2930817610062893,0.27672955974842767,0.43018867924528303,0.4162167281008513
sleep,792,0.6843434343434344,0.11994949494949494,0.19570707070707072,0.4163735558565425
garage,780,0.49615384615384617,0.2282051282051282,0.27564102564102566,0.41700988870647787
bath,768,0.4973958333333333,0.21484375,0.2877604166666667,0.41766107794684176
tool,767,0.26988265971316816,0.41851368970013036,0.3116036505867014,0.41771603249461875
participating,762,0.23097112860892388,0.34908136482939633,0.4199475065616798,0.4179924259604596
winning,759,0.10144927536231885,0.05665349143610013,0.841897233201581,0.41815957141958315
than,758,0.12532981530343007,0.5804749340369393,0.2941952506596306,0.41821550696017296
bathroom,758,0.48021108179419525,0.22163588390501318,0.29815303430079154,0.41821550696017296
photos,754,0.25862068965517243,0.2984084880636605,0.44297082228116713,0.41844036079418606
try,754,0.27718832891246686,0.2480106100795756,0.47480106100795755,0.41844036079418606
sofa,746,0.4959785522788204,0.26005361930294907,0.24396782841823056,0.41889548183318726
broken,741,0.3724696356275304,0.1862348178137652,0.44129554655870445,0.41918366772323434
falls,738,0.45934959349593496,0.21951219512195122,0.32113821138211385,0.41935798330249385
tired,736,0.13451086956521738,0.17798913043478262,0.6875,0.41947478532501925
training,735,0.21496598639455783,0.23673469387755103,0.5482993197278911,0.419533365033926
bank,734,0.4223433242506812,0.2356948228882834,0.3419618528610354,0.41959206441539715
space,733,0.4815825375170532,0.26193724420190995,0.25648021828103684,0.4196508838774536
win,730,0.13424657534246576,0.12191780821917808,0.7438356164383562,0.4198280668566727
great,717,0.2384937238493724,0.24546722454672246,0.5160390516039052,0.42060866687645
start,717,0.2608089260808926,0.22733612273361228,0.5118549511854951,0.42060866687645
college,707,0.26732673267326734,0.22913719943422914,0.5035360678925035,0.4212237226436057
cards,704,0.484375,0.25142045454545453,0.26420454545454547,0.42141079001943493
bear,703,0.4793741109530583,0.20625889046941678,0.31436699857752487,0.42147341175268266
still,694,0.5086455331412104,0.2276657060518732,0.26368876080691644,0.4220430842578608
vacation,692,0.0968208092485549,0.044797687861271675,0.8583815028901735,0.4221711850479503
trip,691,0.18958031837916064,0.14037626628075253,0.6700434153400868,0.4222354439002689
everyone,689,0.6328011611030478,0.12917271407837447,0.23802612481857766,0.42236438103918594
repairing,686,0.2813411078717201,0.2696793002915452,0.4489795918367347,0.4225588429695306
sell,680,0.25441176470588234,0.23970588235294119,0.5058823529411764,0.4229516204058293
theater,680,0.611764705882353,0.14558823529411766,0.2426470588235294,0.4229516204058293
castle,680,0.3088235294117647,0.23529411764705882,0.45588235294117646,0.4229516204058293
if,678,0.2610619469026549,0.26843657817109146,0.47050147492625366,0.42308370343560675
husband,672,0.20089285714285715,0.05505952380952381,0.7440476190476191,0.4234834843456534
brother,671,0.21758569299552907,0.12667660208643816,0.6557377049180327,0.42355063530543924
fetch,669,0.18086696562032886,0.09865470852017937,0.7204783258594918,0.4236853886321804
model,668,0.25299401197604793,0.23652694610778444,0.5104790419161677,0.4237529921248402
protest,667,0.27136431784107945,0.22338830584707647,0.5052473763118441,0.4238207475924159
lost,662,0.283987915407855,0.06042296072507553,0.6555891238670695,0.4241618246186599
compete,654,0.26299694189602446,0.28440366972477066,0.4525993883792049,0.42471566201494815
world,653,0.28024502297090353,0.17151607963246554,0.5482388973966309,0.4247856064022887
dead,652,0.5690184049079755,0.15950920245398773,0.2714723926380368,0.42485571164299324
cheering,652,0.2684049079754601,0.2822085889570552,0.4493865030674847,0.42485571164299324
brothers,650,0.13846153846153847,0.06153846153846154,0.8,0.4249964071577361
angry,646,0.46439628482972134,0.10835913312693499,0.42724458204334365,0.425279755820667
pick,645,0.27906976744186046,0.23565891472868217,0.48527131782945737,0.42535100451209246
protesting,645,0.23255813953488372,0.23875968992248062,0.5286821705426357,0.42535100451209246
done,644,0.265527950310559,0.2701863354037267,0.4642857142857143,0.4254224190910832
order,644,0.2639751552795031,0.2484472049689441,0.48757763975155277,0.4254224190910832
nothing,643,0.8755832037325039,0.05132192846034215,0.07309486780715396,0.4254940002023637
hotel,638,0.44043887147335425,0.21786833855799373,0.34169278996865204,0.4258544265558031
tea,637,0.543171114599686,0.18524332810047095,0.271585557299843,0.42592702059853094
chess,631,0.5293185419968305,0.20602218700475436,0.26465927099841524,0.42636620260709307
sandwich,630,0.5142857142857142,0.17777777777777778,0.30793650793650795,0.42644000894101314
years,627,0.2567783094098884,0.1547049441786284,0.5885167464114832,0.4266624863803225
discussing,626,0.25878594249201275,0.21725239616613418,0.5239616613418531,0.4267370006860424
fix,625,0.2432,0.2496,0.5072,0.42681169375463845
elephant,619,0.4604200323101777,0.2407108239095315,0.2988691437802908,0.4272636465606835
sisters,618,0.1488673139158576,0.07119741100323625,0.7799352750809061,0.42733961124210684
farm,618,0.3268608414239482,0.2313915857605178,0.441747572815534,0.42733961124210684
wants,616,0.12337662337662338,0.17857142857142858,0.698051948051948,0.4274920951669945
excited,609,0.20689655172413793,0.24958949096880131,0.5435139573070608,0.4280316913428778
pet,606,0.3432343234323432,0.2079207920792079,0.44884488448844884,0.4282658038336655
single,603,0.5953565505804311,0.19237147595356552,0.21227197346600332,0.42850166126674405
too,602,0.36212624584717606,0.19933554817275748,0.43853820598006643,0.4285806719303602
fell,596,0.38422818791946306,0.15100671140939598,0.46476510067114096,0.42905890425197946
practices,595,0.2672268907563025,0.2571428571428571,0.4756302521008403,0.42913931213757106
come,592,0.2483108108108108,0.22804054054054054,0.5236486486486487,0.42938175700975684
lead,590,0.2864406779661017,0.27288135593220336,0.4406779661016949,0.4295444132205646
date,588,0.11564625850340136,0.025510204081632654,0.858843537414966,0.4297078986059144
hall,588,0.4370748299319728,0.24319727891156462,0.3197278911564626,0.4297078986059144
tournament,581,0.17900172117039587,0.1359724612736661,0.685025817555938,0.4302867300281033
finish,576,0.2604166666666667,0.21006944444444445,0.5295138888888888,0.4307066254388595
dad,574,0.2961672473867596,0.18815331010452963,0.5156794425087108,0.43087611780752433
objects,572,0.26223776223776224,0.46153846153846156,0.2762237762237762,0.4310464983469327
shoot,571,0.23992994746059546,0.24168126094570927,0.5183887915936952,0.43113202410948853
tour,569,0.2618629173989455,0.17223198594024605,0.5659050966608085,0.4313037515302001
puppies,566,0.3250883392226148,0.19434628975265017,0.48056537102473496,0.43156304731195044
olympics,565,0.23185840707964603,0.18938053097345134,0.5787610619469027,0.4316499378322381
groceries,549,0.31693989071038253,0.23861566484517305,0.4444444444444444,0.4330723134132219
love,548,0.24635036496350365,0.20072992700729927,0.5529197080291971,0.4331632746542701
tourist,543,0.27255985267034993,0.283609576427256,0.4438305709023941,0.43362184363324824
transportation,542,0.2656826568265683,0.45202952029520294,0.2822878228782288,0.4337143180745644
highway,542,0.544280442804428,0.1918819188191882,0.26383763837638374,0.4337143180745644
shower,541,0.6044362292051756,0.16081330868761554,0.23475046210720887,0.4338070487961785
likes,536,0.1044776119402985,0.17537313432835822,0.7201492537313433,0.43427458838718314
camping,532,0.2650375939849624,0.22180451127819548,0.5131578947368421,0.4346533561534366
farmers,528,0.2708333333333333,0.2556818181818182,0.4734848484848485,0.4350364199878501
when,527,0.2827324478178368,0.21062618595825428,0.5066413662239089,0.43513286674888296
meet,526,0.2338403041825095,0.17490494296577946,0.591254752851711,0.4352295884176516
flute,523,0.5200764818355641,0.21414913957934992,0.26577437858508607,0.43552141599874483
best,522,0.15900383141762453,0.08812260536398467,0.7528735632183908,0.43561925047080874
pretty,519,0.25626204238921,0.27552986512524086,0.4682080924855491,0.4359144485366576
childs,517,0.28820116054158607,0.26499032882011603,0.44680851063829785,0.4361126730987284
chocolate,514,0.33657587548638135,0.2237354085603113,0.4396887159533074,0.4364121764235636
halloween,510,0.18823529411764706,0.12549019607843137,0.6862745098039216,0.4368156176645708
chase,505,0.3326732673267327,0.21188118811881188,0.45544554455445546,0.4373266443987847
least,504,0.08333333333333333,0.7936507936507936,0.12301587301587301,0.43742976124223015
bedroom,502,0.5796812749003984,0.1752988047808765,0.2450199203187251,0.43763691851759307
hike,499,0.23847695390781562,0.218436873747495,0.5430861723446894,0.4379499865108433
circus,497,0.30784708249496984,0.0744466800804829,0.6177062374245473,0.438160271453039
doesnt,497,0.579476861167002,0.07645875251509054,0.3440643863179074,0.438160271453039
contest,495,0.21616161616161617,0.18383838383838383,0.6,0.4383718295655555
star,495,0.298989898989899,0.23434343434343435,0.4666666666666667,0.4383718295655555
ceremony,490,0.24897959183673468,0.29183673469387755,0.45918367346938777,0.43890638007242666
last,483,0.2463768115942029,0.12836438923395446,0.6252587991718427,0.43966865023666013
customer,481,0.2702702702702703,0.2785862785862786,0.45114345114345117,0.4398894922542055
sister,479,0.23799582463465555,0.08350730688935282,0.6784968684759917,0.44011171597612936
exercising,476,0.1869747899159664,0.4411764705882353,0.37184873949579833,0.4404476739619232
fat,476,0.2542016806722689,0.19327731092436976,0.5525210084033614,0.4404476739619232
quickly,475,0.25263157894736843,0.30526315789473685,0.4421052631578947,0.4405603666186863
score,473,0.21987315010570824,0.22410147991543342,0.5560253699788583,0.4407868231186326
sat,473,0.5560253699788583,0.23890063424947147,0.20507399577167018,0.4407868231186326
heading,472,0.2097457627118644,0.19915254237288135,0.5911016949152542,0.44090059074158927
theres,470,0.23191489361702128,0.5638297872340425,0.20425531914893616,0.44112921428836604
moon,468,0.7841880341880342,0.06623931623931624,0.14957264957264957,0.4413593018093972
reach,466,0.2832618025751073,0.27253218884120173,0.44420600858369097,0.441590868995767
company,460,0.2,0.2608695652173913,0.5391304347826087,0.44229460903244344
soda,459,0.46187363834422657,0.21350762527233116,0.32461873638344224,0.44241323865462145
find,453,0.22737306843267108,0.1456953642384106,0.6269315673289183,0.4431332458464133
mouse,453,0.5099337748344371,0.2229580573951435,0.2671081677704194,0.4431332458464133
pretending,452,0.23008849557522124,0.23672566371681417,0.5331858407079646,0.44325463882158966
knitting,449,0.49888641425389757,0.23608017817371937,0.2650334075723831,0.4436212478621374
finished,440,0.20909090909090908,0.1431818181818182,0.6477272727272727,0.44474348279049625
napping,438,0.7397260273972602,0.1141552511415525,0.1461187214611872,0.4449975541568472
give,437,0.2723112128146453,0.21967963386727687,0.5080091533180778,0.44512524341620247
know,437,0.2929061784897025,0.18077803203661327,0.5263157894736842,0.44512524341620247
milk,433,0.45958429561200925,0.20323325635103925,0.3371824480369515,0.44564041623757883
war,429,0.30303030303030304,0.1888111888111888,0.5081585081585082,0.4461627775812772
act,424,0.28773584905660377,0.25471698113207547,0.45754716981132076,0.4468260957252715
gift,421,0.23515439429928742,0.26128266033254155,0.503562945368171,0.4472297464211681
repair,418,0.24880382775119617,0.2966507177033493,0.45454545454545453,0.44763773487895403
olympic,416,0.2403846153846154,0.21875,0.5408653846153846,0.4479121756138368
burning,415,0.4602409638554217,0.25060240963855424,0.2891566265060241,0.4480501393510865
straight,414,0.45652173913043476,0.27053140096618356,0.27294685990338163,0.44818860265558125
yelling,414,0.4975845410628019,0.18357487922705315,0.3188405797101449,0.44818860265558125
cool,412,0.279126213592233,0.2524271844660194,0.4684466019417476,0.44846704008071614
morning,411,0.30900243309002434,0.1654501216545012,0.5255474452554745,0.44860702032298816
any,409,0.7481662591687042,0.07334963325183375,0.1784841075794621,0.4488885193672755
almost,407,0.22113022113022113,0.25307125307125306,0.5257985257985258,0.44917209080234594
breakfast,404,0.4628712871287129,0.12871287128712872,0.4084158415841584,0.4496013897071485
headed,403,0.2531017369727047,0.2531017369727047,0.49379652605459057,0.44974555350260326
accident,403,0.2555831265508685,0.24317617866004962,0.5012406947890818,0.44974555350260326
admiring,402,0.23383084577114427,0.2810945273631841,0.48507462686567165,0.449890254888691
monkey,399,0.5388471177944862,0.17042606516290726,0.2907268170426065,0.45032761823230466
championship,396,0.07575757575757576,0.030303030303030304,0.8939393939393939,0.4507699422481355
visiting,396,0.24494949494949494,0.21717171717171718,0.5378787878787878,0.4507699422481355
took,395,0.3240506329113924,0.19746835443037974,0.47848101265822784,0.450918502217608
really,390,0.3487179487179487,0.1717948717948718,0.4794871794871795,0.4516698527946977
late,386,0.2616580310880829,0.15803108808290156,0.5803108808290155,0.45228141510768144
call,385,0.2727272727272727,0.24675324675324675,0.4805194805194805,0.452435792955614
quietly,385,0.8207792207792208,0.07272727272727272,0.10649350649350649,0.452435792955614
build,385,0.24935064935064935,0.18961038961038962,0.561038961038961,0.452435792955614
rally,384,0.2864583333333333,0.2552083333333333,0.4583333333333333,0.4525907734500917
entertaining,384,0.19791666666666666,0.3229166666666667,0.4791666666666667,0.4525907734500917
storm,379,0.3113456464379947,0.17150395778364116,0.5171503957783641,0.4533748544801177
pets,378,0.4947089947089947,0.21164021164021163,0.29365079365079366,0.45353353468309343
thinking,374,0.18181818181818182,0.15775401069518716,0.660427807486631,0.4541746069702696
injured,372,0.27419354838709675,0.260752688172043,0.4650537634408602,0.4544990136577007
won,371,0.14016172506738545,0.14555256064690028,0.7142857142857143,0.45466219983309764
raining,371,0.29649595687331537,0.18867924528301888,0.5148247978436657,0.45466219983309764
girlfriend,369,0.2140921409214092,0.0975609756097561,0.6883468834688347,0.45499056001811844
interacting,366,0.2185792349726776,0.5628415300546448,0.2185792349726776,0.45548813766400464
famous,365,0.11506849315068493,0.08767123287671233,0.7972602739726027,0.4556553585558867
zoo,365,0.5260273972602739,0.1095890410958904,0.3643835616438356,0.4556553585558867
baking,364,0.6098901098901099,0.17582417582417584,0.21428571428571427,0.455823268072434
bathtub,364,0.5521978021978022,0.20054945054945056,0.24725274725274726,0.455823268072434
hes,364,0.2692307692307692,0.23901098901098902,0.49175824175824173,0.455823268072434
activity,363,0.1790633608815427,0.559228650137741,0.26170798898071623,0.45599187095298194
scared,349,0.23782234957020057,0.10601719197707736,0.6561604584527221,0.4584278811510696
celebrate,348,0.2442528735632184,0.20689655172413793,0.5488505747126436,0.45860748576304144
drunk,347,0.2622478386167147,0.10086455331412104,0.6368876080691642,0.45878786620553935
cows,342,0.49415204678362573,0.22514619883040934,0.2807017543859649,0.4597016039376479
test,341,0.49853372434017595,0.11730205278592376,0.3841642228739003,0.45988675901219306
bored,341,0.3460410557184751,0.15835777126099707,0.49560117302052786,0.45988675901219306
news,341,0.2756598240469208,0.18475073313782991,0.5395894428152492,0.45988675901219306
camp,339,0.2949852507374631,0.23008849557522124,0.4749262536873156,0.46025952395997316
science,339,0.27728613569321536,0.25073746312684364,0.471976401179941,0.46025952395997316
keep,338,0.24260355029585798,0.28106508875739644,0.47633136094674555,0.460447145925843
completely,336,0.6607142857142857,0.13690476190476192,0.20238095238095238,0.460824899544939
skills,335,0.20298507462686566,0.31044776119402984,0.48656716417910445,0.46101504367179236
anything,331,0.8882175226586103,0.045317220543806644,0.06646525679758308,0.4617842175589286
ran,329,0.47112462006079026,0.19756838905775076,0.331306990881459,0.4621740542191929
farmer,327,0.2018348623853211,0.14984709480122324,0.6483180428134556,0.46256746191610887
asking,327,0.2415902140672783,0.23547400611620795,0.5229357798165137,0.46256746191610887
threw,321,0.3395638629283489,0.19003115264797507,0.470404984423676,0.46376966574421735
never,319,0.6865203761755486,0.034482758620689655,0.27899686520376177,0.46417791817413556
want,318,0.18553459119496854,0.17295597484276728,0.6415094339622641,0.46438348716945277
mcdonalds,317,0.47003154574132494,0.2302839116719243,0.2996845425867508,0.4645900281231983
hungry,316,0.14873417721518986,0.1360759493670886,0.7151898734177216,0.464797548718849
loves,316,0.1518987341772152,0.11075949367088607,0.7373417721518988,0.464797548718849
service,314,0.2802547770700637,0.23248407643312102,0.4872611464968153,0.4652155599975178
lion,314,0.5031847133757962,0.21019108280254778,0.28662420382165604,0.4652155599975178
frowning,312,0.8461538461538461,0.08012820512820513,0.07371794871794872,0.46563758420150203
fireplace,311,0.6430868167202572,0.16720257234726688,0.18971061093247588,0.4658501212876964
poker,311,0.6302250803858521,0.08681672025723473,0.2829581993569132,0.4658501212876964
clothed,308,0.2987012987012987,0.5227272727272727,0.17857142857142858,0.4664939313347551
siblings,308,0.05194805194805195,0.045454545454545456,0.9025974025974026,0.4664939313347551
currently,308,0.288961038961039,0.4675324675324675,0.2435064935064935,0.4664939313347551
screaming,307,0.495114006514658,0.20195439739413681,0.30293159609120524,0.4667106289524767
nude,306,0.6470588235294118,0.15359477124183007,0.19934640522875818,0.46692838794746105
tuxedo,306,0.48366013071895425,0.2549019607843137,0.26143790849673204,0.46692838794746105
bad,306,0.28431372549019607,0.15359477124183007,0.5620915032679739,0.46692838794746105
checkers,306,0.4673202614379085,0.24836601307189543,0.28431372549019607,0.46692838794746105
lounging,304,0.47039473684210525,0.26973684210526316,0.2598684210526316,0.4673671249400245
motion,302,0.22185430463576158,0.5331125827814569,0.24503311258278146,0.46781021306297316
mothers,301,0.27906976744186046,0.17940199335548174,0.5415282392026578,0.4680334113571911
afternoon,300,0.33666666666666667,0.19333333333333333,0.47,0.4682577247149468
year,298,0.2080536912751678,0.09395973154362416,0.697986577181208,0.46870973399239024
cookies,298,0.5335570469798657,0.14093959731543623,0.32550335570469796,0.46870973399239024
tuba,295,0.4745762711864407,0.2440677966101695,0.28135593220338984,0.46939634736041713
pie,293,0.552901023890785,0.18088737201365188,0.26621160409556316,0.46985993648558455
cries,293,0.5733788395904437,0.17747440273037543,0.24914675767918087,0.46985993648558455
pig,293,0.5563139931740614,0.19795221843003413,0.24573378839590443,0.46985993648558455
sees,292,0.20205479452054795,0.2842465753424658,0.5136986301369864,0.47009351510486985
dangerous,292,0.2191780821917808,0.24315068493150685,0.5376712328767124,0.47009351510486985
times,292,0.2808219178082192,0.2363013698630137,0.4828767123287671,0.47009351510486985
cheese,290,0.4896551724137931,0.2206896551724138,0.2896551724137931,0.47056429164951674
dolls,289,0.532871972318339,0.2041522491349481,0.2629757785467128,0.47080151042348795
state,289,0.2768166089965398,0.18339100346020762,0.5397923875432526,0.47080151042348795
scientist,287,0.22996515679442509,0.24738675958188153,0.5226480836236934,0.47127966204837
owners,285,0.3157894736842105,0.13333333333333333,0.5508771929824562,0.47176283805913344
dont,284,0.6725352112676056,0.07394366197183098,0.2535211267605634,0.4720063378158823
sunbathing,282,0.6312056737588653,0.14893617021276595,0.2198581560283688,0.4724972172428663
funeral,282,0.5851063829787234,0.014184397163120567,0.40070921985815605,0.4724972172428663
breaking,281,0.501779359430605,0.19572953736654805,0.302491103202847,0.4727446198984551
rabbit,280,0.375,0.08928571428571429,0.5357142857142857,0.47299334674485305
avoid,277,0.2851985559566787,0.23104693140794225,0.48375451263537905,0.4737475917260002
found,276,0.25,0.1956521739130435,0.5543478260869565,0.4740017353880561
hunting,275,0.4036363636363636,0.10909090909090909,0.48727272727272725,0.4742572640310959
quiet,275,0.5745454545454546,0.1781818181818182,0.24727272727272728,0.4742572640310959
needs,273,0.17216117216117216,0.2673992673992674,0.5604395604395604,0.47477252692261224
record,273,0.2087912087912088,0.21978021978021978,0.5714285714285714,0.47477252692261224
basement,272,0.6507352941176471,0.14338235294117646,0.20588235294117646,0.47503228690928867
retriever,270,0.26296296296296295,0.24444444444444444,0.4925925925925926,0.47555612955929716
begin,269,0.25650557620817843,0.19330855018587362,0.550185873605948,0.4758202389719727
community,269,0.26022304832713755,0.23048327137546468,0.5092936802973977,0.4758202389719727
change,268,0.29850746268656714,0.1865671641791045,0.5149253731343284,0.4760858252334494
elevator,267,0.5468164794007491,0.20599250936329588,0.24719101123595505,0.476352902158992
bone,266,0.4849624060150376,0.06766917293233082,0.4473684210526316,0.47662148374547486
tips,265,0.2188679245283019,0.19622641509433963,0.5849056603773585,0.476891584174463
important,264,0.10984848484848485,0.13636363636363635,0.7537878787878788,0.47716321781535703
punching,263,0.4866920152091255,0.2623574144486692,0.2509505703422053,0.4774363992286046
crawling,260,0.5346153846153846,0.2230769230769231,0.2423076923076923,0.4782653786419703
barn,260,0.5038461538461538,0.1576923076923077,0.3384615384615385,0.4782653786419703
telling,257,0.2607003891050584,0.17509727626459143,0.5642023346303502,0.4791088312252652
strike,256,0.26953125,0.19140625,0.5390625,0.47939327149162264
nails,256,0.53515625,0.21875,0.24609375,0.47939327149162264
plain,254,0.5196850393700787,0.2440944881889764,0.23622047244094488,0.47996718308619585
crib,254,0.6338582677165354,0.14566929133858267,0.2204724409448819,0.47996718308619585
purchase,253,0.2134387351778656,0.2885375494071146,0.4980237154150198,0.48025668751365225
diner,252,0.5238095238095238,0.21031746031746032,0.26587301587301587,0.48054791347668835
fashion,247,0.27530364372469635,0.22267206477732793,0.5020242914979757,0.4820304743434195
spring,246,0.2886178861788618,0.1910569105691057,0.5203252032520326,0.4823323977832478
desks,245,0.5102040816326531,0.2530612244897959,0.23673469387755103,0.4826361678528078
steak,244,0.6188524590163934,0.04918032786885246,0.3319672131147541,0.4829418034531662
grandmother,242,0.30991735537190085,0.16942148760330578,0.5206611570247934,0.48355874821539024
skydiving,241,0.6141078838174274,0.16182572614107885,0.22406639004149378,0.4838700965595055
potatoes,240,0.625,0.14583333333333334,0.22916666666666666,0.48418338880937056
rescue,240,0.23333333333333334,0.2625,0.5041666666666667,0.48418338880937056
banana,237,0.5358649789029536,0.1940928270042194,0.270042194092827,0.48513513361659416
teaches,237,0.25738396624472576,0.20675105485232068,0.5358649789029536,0.48513513361659416
chips,235,0.48936170212765956,0.22127659574468084,0.28936170212765955,0.4857797301478962
deserted,233,0.6394849785407726,0.15450643776824036,0.20600858369098712,0.48643260849623604
hide,232,0.3275862068965517,0.125,0.5474137931034483,0.4867622090395465
raise,232,0.25,0.2629310344827586,0.4870689655172414,0.4867622090395465
charity,232,0.09482758620689655,0.06896551724137931,0.8362068965517241,0.4867622090395465
hurt,231,0.17316017316017315,0.1774891774891775,0.6493506493506493,0.48709394753647817
daughters,231,0.2597402597402597,0.16883116883116883,0.5714285714285714,0.48709394753647817
related,231,0.0735930735930736,0.09090909090909091,0.8354978354978355,0.48709394753647817
master,231,0.23376623376623376,0.09956709956709957,0.6666666666666666,0.48709394753647817
mowing,230,0.5521739130434783,0.22608695652173913,0.2217391304347826,0.4874278472004888
jazz,228,0.24561403508771928,0.17543859649122806,0.5789473684210527,0.4881022246625921
10,227,0.29955947136563876,0.19383259911894274,0.5066079295154186,0.48844275068774434
homework,227,0.5374449339207048,0.11894273127753303,0.3436123348017621,0.48844275068774434
league,224,0.25892857142857145,0.20089285714285715,0.5401785714285714,0.48947797519667857
bought,224,0.14732142857142858,0.09375,0.7589285714285714,0.48947797519667857
finishing,223,0.2556053811659193,0.242152466367713,0.5022421524663677,0.4898276836792093
crash,223,0.30493273542600896,0.16143497757847533,0.5336322869955157,0.4898276836792093
may,220,0.21363636363636362,0.19545454545454546,0.5909090909090909,0.4908910776816666
cafeteria,220,0.6,0.17727272727272728,0.22272727272727272,0.4908910776816666
gay,220,0.20909090909090908,0.12727272727272726,0.6636363636363637,0.4908910776816666
boyfriend,219,0.1506849315068493,0.045662100456621,0.8036529680365296,0.49125038885377087
experiment,215,0.20465116279069767,0.2744186046511628,0.5209302325581395,0.4927126150091105
searching,215,0.22325581395348837,0.20465116279069767,0.5720930232558139,0.4927126150091105
joke,214,0.14018691588785046,0.09813084112149532,0.7616822429906542,0.493084562496692
discuss,213,0.28169014084507044,0.15023474178403756,0.568075117370892,0.49345912626800104
political,212,0.23113207547169812,0.25471698113207547,0.5141509433962265,0.49383633713919944
arrive,211,0.18009478672985782,0.0995260663507109,0.7203791469194313,0.4942162264370149
arguing,209,0.5023923444976076,0.07177033492822966,0.4258373205741627,0.4949841682380903
coworkers,208,0.14903846153846154,0.14903846153846154,0.7019230769230769,0.49537228604742917
celebrates,208,0.21153846153846154,0.24519230769230768,0.5432692307692307,0.49537228604742917
better,207,0.2222222222222222,0.22705314009661837,0.5507246376811594,0.49576321291887077
july,207,0.1497584541062802,0.043478260869565216,0.8067632850241546,0.49576321291887077
every,206,0.3786407766990291,0.0825242718446602,0.5388349514563107,0.4961569829017688
blind,206,0.5631067961165048,0.10194174757281553,0.33495145631067963,0.4961569829017688
holiday,206,0.19902912621359223,0.2524271844660194,0.5485436893203883,0.4961569829017688
active,205,0.14634146341463414,0.5951219512195122,0.25853658536585367,0.4965536306261018
competes,204,0.1715686274509804,0.19607843137254902,0.6323529411764706,0.49695319131526555
grown,204,0.5980392156862745,0.21568627450980393,0.18627450980392157,0.49695319131526555
sons,204,0.23039215686274508,0.1323529411764706,0.6372549019607843,0.49695319131526555
special,204,0.17647058823529413,0.2549019607843137,0.5686274509803921,0.49695319131526555
typing,203,0.4975369458128079,0.22167487684729065,0.28078817733990147,0.49735570079921143
shark,203,0.6305418719211823,0.059113300492610835,0.3103448275862069,0.49735570079921143
recently,202,0.21287128712871287,0.26732673267326734,0.5198019801980198,0.49776119552794235
hoping,201,0.16417910447761194,0.13930348258706468,0.6965174129353234,0.4981697125853771
parent,200,0.205,0.255,0.54,0.49858128970359594
national,194,0.20618556701030927,0.14432989690721648,0.6494845360824743,0.5011172121300471
upcoming,194,0.1134020618556701,0.08247422680412371,0.8041237113402062,0.5011172121300471
delivering,193,0.24352331606217617,0.22279792746113988,0.533678756476684,0.5015513237968804
final,193,0.12953367875647667,0.05181347150259067,0.8186528497409327,0.5015513237968804
loud,193,0.20207253886010362,0.23316062176165803,0.5647668393782384,0.5015513237968804
giraffe,192,0.5052083333333334,0.22916666666666666,0.265625,0.5019888225603502
toilet,192,0.515625,0.22916666666666666,0.2552083333333333,0.5019888225603502
isnt,191,0.5706806282722513,0.2356020942408377,0.193717277486911,0.5024297526964049
cancer,191,0.2513089005235602,0.1518324607329843,0.5968586387434555,0.5024297526964049
cause,190,0.22631578947368422,0.2631578947368421,0.5105263157894737,0.5028741592955348
save,189,0.2275132275132275,0.14814814814814814,0.6243386243386243,0.5033220882821409
boss,189,0.21164021164021163,0.12698412698412698,0.6613756613756614,0.5033220882821409
escape,189,0.2804232804232804,0.17989417989417988,0.5396825396825397,0.5033220882821409
impress,187,0.03208556149732621,0.026737967914438502,0.9411764705882353,0.504228701405127
skipping,187,0.6149732620320856,0.1443850267379679,0.24064171122994651,0.504228701405127
expensive,187,0.21390374331550802,0.12299465240641712,0.6631016042780749,0.504228701405127
hopscotch,186,0.5806451612903226,0.13440860215053763,0.2849462365591398,0.5046874817422166
sipping,186,0.5645161290322581,0.1881720430107527,0.24731182795698925,0.5046874817422166
hamburger,185,0.5243243243243243,0.20540540540540542,0.2702702702702703,0.5051499769110799
beds,184,0.7336956521739131,0.14130434782608695,0.125,0.5056162373167052
joyously,183,0.01639344262295082,0.01639344262295082,0.9672131147540983,0.5060863143268004
professor,181,0.26519337016574585,0.2265193370165746,0.5082872928176796,0.5070381285881806
physical,181,0.1712707182320442,0.6353591160220995,0.19337016574585636,0.5070381285881806
seeing,181,0.14917127071823205,0.23204419889502761,0.6187845303867403,0.5070381285881806
treadmill,180,0.55,0.2111111111111111,0.2388888888888889,0.5075199736060535
cannot,180,0.5333333333333333,0.17222222222222222,0.29444444444444445,0.5075199736060535
sure,179,0.2011173184357542,0.24581005586592178,0.553072625698324,0.5080058508128261
stealing,178,0.6966292134831461,0.02247191011235955,0.2808988764044944,0.5084958167611952
bringing,178,0.20786516853932585,0.19101123595505617,0.601123595505618,0.5084958167611952
ate,178,0.6910112359550562,0.0898876404494382,0.21910112359550563,0.5084958167611952
brand,178,0.3258426966292135,0.1348314606741573,0.5393258426966292,0.5084958167611952
talent,177,0.192090395480226,0.1977401129943503,0.6101694915254238,0.5089899291205605
popcorn,175,0.5771428571428572,0.18285714285714286,0.24,0.5099908295053593
weights,174,0.5517241379310345,0.22988505747126436,0.21839080459770116,0.5104977387142209
awake,174,0.7183908045977011,0.22988505747126436,0.05172413793103448,0.5104977387142209
broke,174,0.41954022988505746,0.028735632183908046,0.5517241379310345,0.5104977387142209
movies,173,0.8092485549132948,0.028901734104046242,0.16184971098265896,0.5110090367625673
prize,173,0.13872832369942195,0.15606936416184972,0.7052023121387283,0.5110090367625673
rush,171,0.25146198830409355,0.22807017543859648,0.52046783625731,0.5120450554755883
france,171,0.30409356725146197,0.17543859649122806,0.52046783625731,0.5120450554755883
planning,171,0.16374269005847952,0.0935672514619883,0.7426900584795322,0.5120450554755883
return,170,0.2235294117647059,0.17647058823529413,0.6,0.5125699074783253
pro,168,0.16666666666666666,0.14285714285714285,0.6904761904761905,0.5136336353579735
buys,167,0.5209580838323353,0.17964071856287425,0.2994011976047904,0.514172650916347
afraid,165,0.36363636363636365,0.07878787878787878,0.5575757575757576,0.5152653455581743
solid,164,0.7682926829268293,0.10975609756097561,0.12195121951219512,0.515819173360511
paid,162,0.043209876543209874,0.04938271604938271,0.9074074074074074,0.5169421737447363
fourth,162,0.25308641975308643,0.17901234567901234,0.5679012345679012,0.5169421737447363
might,161,0.13664596273291926,0.20496894409937888,0.6583850931677019,0.517511504848833
folks,160,0.225,0.5375,0.2375,0.5180861651267467
soon,159,0.16352201257861634,0.16352201257861634,0.6729559748427673,0.518666238239454
grandfather,159,0.2138364779874214,0.11949685534591195,0.6666666666666666,0.518666238239454
pigs,158,0.5886075949367089,0.1962025316455696,0.21518987341772153,0.5192518096982672
theyre,157,0.25477707006369427,0.2229299363057325,0.5222929936305732,0.5198429669177856
visit,157,0.21656050955414013,0.21019108280254778,0.5732484076433121,0.5198429669177856
laps,157,0.5668789808917197,0.1464968152866242,0.28662420382165604,0.5198429669177856
feed,156,0.30128205128205127,0.14743589743589744,0.5512820512820513,0.5204397992707098
thinks,155,0.12903225806451613,0.1935483870967742,0.6774193548387096,0.5210423981446
perfect,155,0.2838709677419355,0.12903225806451613,0.5870967741935483,0.5210423981446
days,155,0.2903225806451613,0.13548387096774195,0.5741935483870968,0.5210423981446
strong,155,0.1870967741935484,0.23870967741935484,0.5741935483870968,0.5210423981446
zombie,155,0.6451612903225806,0.15483870967741936,0.2,0.5210423981446
de,155,0.27741935483870966,0.1935483870967742,0.5290322580645161,0.5210423981446
hour,154,0.2077922077922078,0.1038961038961039,0.6883116883116883,0.5216508570006556
kitten,154,0.5324675324675324,0.18181818181818182,0.2857142857142857,0.5216508570006556
mars,153,0.954248366013072,0.006535947712418301,0.0392156862745098,0.5222652714346071
calling,153,0.20261437908496732,0.1568627450980392,0.6405228758169934,0.5222652714346071
owns,153,0.05228758169934641,0.13725490196078433,0.8104575163398693,0.5222652714346071
songs,153,0.23529411764705882,0.1503267973856209,0.6143790849673203,0.5222652714346071
learn,153,0.1895424836601307,0.17647058823529413,0.6339869281045751,0.5222652714346071
ignoring,152,0.7105263157894737,0.09868421052631579,0.19078947368421054,0.5228857392398052
lovers,151,0.17880794701986755,0.19205298013245034,0.6291390728476821,0.5235123604726055
breaks,147,0.54421768707483,0.14285714285714285,0.3129251700680272,0.5260824638784954
seek,146,0.3287671232876712,0.0821917808219178,0.589041095890411,0.5267414371872501
losing,145,0.25517241379310346,0.10344827586206896,0.6413793103448275,0.5274072157615368
daily,145,0.2413793103448276,0.2206896551724138,0.5379310344827586,0.5274072157615368
circles,145,0.5310344827586206,0.20689655172413793,0.2620689655172414,0.5274072157615368
trouble,144,0.1875,0.19444444444444445,0.6180555555555556,0.5280799175443858
math,144,0.5416666666666666,0.05555555555555555,0.4027777777777778,0.5280799175443858
silent,143,0.9090909090909091,0.02097902097902098,0.06993006993006994,0.528759663360532
bring,142,0.2887323943661972,0.176056338028169,0.5352112676056338,0.5294465770075791
burger,142,0.5774647887323944,0.11267605633802817,0.30985915492957744,0.5294465770075791
drowning,140,0.7642857142857142,0.014285714285714285,0.22142857142857142,0.5308424184211129
popular,140,0.15,0.15714285714285714,0.6928571428571428,0.5308424184211129
sandbox,139,0.697841726618705,0.050359712230215826,0.2517985611510791,0.5315516095182968
reunion,138,0.13768115942028986,0.13043478260869565,0.7318840579710145,0.5322684953164737
fathers,138,0.2608695652173913,0.16666666666666666,0.572463768115942,0.5322684953164737
plans,138,0.10869565217391304,0.06521739130434782,0.8260869565217391,0.5322684953164737
attacking,137,0.6204379562043796,0.15328467153284672,0.22627737226277372,0.5329932159752069
lives,137,0.291970802919708,0.10218978102189781,0.6058394160583942,0.5329932159752069
naps,136,0.5661764705882353,0.16176470588235295,0.27205882352941174,0.533725915254525
silently,136,0.8455882352941176,0.03676470588235294,0.11764705882352941,0.533725915254525
everybody,134,0.7388059701492538,0.09701492537313433,0.16417910447761194,0.5352158434410329
jacks,134,0.8432835820895522,0.029850746268656716,0.12686567164179105,0.5352158434410329
testing,134,0.208955223880597,0.21641791044776118,0.5746268656716418,0.5352158434410329
locker,133,0.6616541353383458,0.15789473684210525,0.18045112781954886,0.5359733789735399
gang,132,0.25757575757575757,0.09090909090909091,0.6515151515151515,0.5367395066423668
neighbors,132,0.20454545454545456,0.045454545454545456,0.75,0.5367395066423668
season,132,0.1893939393939394,0.17424242424242425,0.6363636363636364,0.5367395066423668
join,130,0.2153846153846154,0.16923076923076924,0.6153846153846154,0.5382981974312796
labrador,130,0.2230769230769231,0.18461538461538463,0.5923076923076923,0.5382981974312796
goldfish,129,0.8372093023255814,0.06201550387596899,0.10077519379844961,0.5390911012202619
nervous,126,0.15079365079365079,0.1111111111111111,0.7380952380952381,0.5415261891511269
hurry,126,0.15873015873015872,0.23809523809523808,0.6031746031746031,0.5415261891511269
drops,126,0.5634920634920635,0.1984126984126984,0.23809523809523808,0.5415261891511269
grandson,126,0.1984126984126984,0.14285714285714285,0.6587301587301587,0.5415261891511269
crashes,125,0.608,0.136,0.256,0.5423573016605975
tanning,125,0.656,0.088,0.256,0.5423573016605975
karaoke,124,0.29838709677419356,0.12903225806451613,0.5725806451612904,0.5431984477887863
contemplating,124,0.25806451612903225,0.1774193548387097,0.5645161290322581,0.5431984477887863
trombone,122,0.6229508196721312,0.14754098360655737,0.22950819672131148,0.5449116608226908
noise,122,0.16393442622950818,0.5573770491803278,0.2786885245901639,0.5449116608226908
actually,121,0.6859504132231405,0.06611570247933884,0.24793388429752067,0.5457841524726632
returning,121,0.2066115702479339,0.17355371900826447,0.6198347107438017,0.5457841524726632
sweating,120,0.14166666666666666,0.18333333333333332,0.675,0.546667527672279
crime,119,0.226890756302521,0.12605042016806722,0.6470588235294118,0.547562014590513
novel,118,0.3474576271186441,0.05084745762711865,0.6016949152542372,0.5484678481498452
lesson,118,0.23728813559322035,0.19491525423728814,0.5677966101694916,0.5484678481498452
pasta,118,0.6271186440677966,0.1440677966101695,0.2288135593220339,0.5484678481498452
hours,118,0.211864406779661,0.1271186440677966,0.6610169491525424,0.5484678481498452
calls,118,0.3135593220338983,0.11016949152542373,0.576271186440678,0.5484678481498452
politics,117,0.26495726495726496,0.042735042735042736,0.6923076923076923,0.5493852702854611
models,117,0.2222222222222222,0.17094017094017094,0.6068376068376068,0.5493852702854611
4th,116,0.12931034482758622,0.06896551724137931,0.8017241379310345,0.5503145302167158
received,114,0.14912280701754385,0.20175438596491227,0.6491228070175439,0.5522095984846188
eaten,111,0.5585585585585585,0.18018018018018017,0.26126126126126126,0.5551476663926227
stole,111,0.4144144144144144,0.018018018018018018,0.5675675675675675,0.5551476663926227
recess,111,0.24324324324324326,0.0,0.7567567567567568,0.5551476663926227
ever,110,0.38181818181818183,0.045454545454545456,0.5727272727272728,0.5561536322476591
instead,109,0.5779816513761468,0.1559633027522936,0.26605504587155965,0.5571734101105899
why,105,0.2761904761904762,0.1619047619047619,0.5619047619047619,0.5613971802189858
volcano,103,0.6504854368932039,0.14563106796116504,0.20388349514563106,0.563600746828099
wins,103,0.24271844660194175,0.0970873786407767,0.6601941747572816,0.563600746828099
belongs,103,0.038834951456310676,0.04854368932038835,0.912621359223301,0.563600746828099
deciding,102,0.11764705882352941,0.19607843137254902,0.6862745098039216,0.5647267555649416
skilled,102,0.12745098039215685,0.24509803921568626,0.6274509803921569,0.5647267555649416
fries,102,0.5882352941176471,0.11764705882352941,0.29411764705882354,0.5647267555649416
jokes,101,0.32673267326732675,0.07920792079207921,0.594059405940594,0.5658694460809637
album,101,0.18811881188118812,0.1782178217821782,0.6336633663366337,0.5658694460809637
aliens,100,0.91,0.02,0.07,0.5670292343865962
mashed,100,0.94,0.01,0.05,0.5670292343865962
sunday,100,0.31,0.06,0.63,0.5670292343865962
prom,98,0.2653061224489796,0.061224489795918366,0.673469387755102,0.5694018424337085
lazy,98,0.6020408163265306,0.05102040816326531,0.3469387755102041,0.5694018424337085
rival,96,0.13541666666666666,0.09375,0.7708333333333334,0.57184821356685
hates,96,0.5833333333333334,0.0,0.4166666666666667,0.57184821356685
hawaii,96,0.28125,0.07291666666666667,0.6458333333333334,0.57184821356685
oak,95,0.3263157894736842,0.05263157894736842,0.6210526315789474,0.5731002687850153
later,95,0.1368421052631579,0.09473684210526316,0.7684210526315789,0.5731002687850153
hopes,95,0.16842105263157894,0.16842105263157894,0.6631578947368421,0.5731002687850153
feeling,95,0.1368421052631579,0.2631578947368421,0.6,0.5731002687850153
future,94,0.20212765957446807,0.13829787234042554,0.6595744680851063,0.5743722508432614
rivals,94,0.1595744680851064,0.10638297872340426,0.7340425531914894,0.5743722508432614
everest,94,0.3404255319148936,0.0,0.6595744680851063,0.5743722508432614
plan,94,0.24468085106382978,0.1702127659574468,0.5851063829787234,0.5743722508432614
alien,94,0.8723404255319149,0.02127659574468085,0.10638297872340426,0.5743722508432614
exhausted,93,0.20430107526881722,0.1935483870967742,0.6021505376344086,0.5756646939820681
week,93,0.1935483870967742,0.03225806451612903,0.7741935483870968,0.5756646939820681
canine,93,0.11827956989247312,0.7419354838709677,0.13978494623655913,0.5756646939820681
peacefully,92,0.6086956521739131,0.16304347826086957,0.22826086956521738,0.5769781527116395
winner,92,0.17391304347826086,0.1956521739130435,0.6304347826086957,0.5769781527116395
silence,92,0.8369565217391305,0.05434782608695652,0.10869565217391304,0.5769781527116395
zombies,92,0.782608695652174,0.10869565217391304,0.10869565217391304,0.5769781527116395
told,91,0.1978021978021978,0.06593406593406594,0.7362637362637363,0.5783132028115346
weekend,91,0.14285714285714285,0.04395604395604396,0.8131868131868132,0.5783132028115346
treasure,91,0.18681318681318682,0.04395604395604396,0.7692307692307693,0.5783132028115346
arent,90,0.6333333333333333,0.14444444444444443,0.2222222222222222,0.5796704423912178
talented,90,0.05555555555555555,0.1111111111111111,0.8333333333333334,0.5796704423912178
recent,89,0.20224719101123595,0.12359550561797752,0.6741573033707865,0.5810504930159681
kittens,89,0.7640449438202247,0.0898876404494382,0.14606741573033707,0.5810504930159681
sunrise,89,0.6067415730337079,0.15730337078651685,0.23595505617977527,0.5810504930159681
wanted,88,0.1590909090909091,0.06818181818181818,0.7727272727272727,0.5824540009029608
medal,87,0.19540229885057472,0.1839080459770115,0.6206896551724138,0.5838816381927495
recliner,87,0.5862068965517241,0.1839080459770115,0.22988505747126436,0.5838816381927495
allowed,87,0.5977011494252874,0.13793103448275862,0.26436781609195403,0.5838816381927495
annual,87,0.16091954022988506,0.05747126436781609,0.7816091954022989,0.5838816381927495
anniversary,87,0.09195402298850575,0.034482758620689655,0.8735632183908046,0.5838816381927495
frowns,87,0.7241379310344828,0.10344827586206896,0.1724137931034483,0.5838816381927495
selfie,86,0.3023255813953488,0.08139534883720931,0.6162790697674418,0.5853341043018301
iphone,85,0.24705882352941178,0.10588235294117647,0.6470588235294118,0.5868121273624718
met,85,0.2823529411764706,0.10588235294117647,0.611764705882353,0.5868121273624718
opera,84,0.6785714285714286,0.03571428571428571,0.2857142857142857,0.5883164657565446
thirsty,84,0.07142857142857142,0.17857142857142858,0.75,0.5883164657565446
shift,83,0.2289156626506024,0.1686746987951807,0.6024096385542169,0.5898479097506863
grandchild,83,0.20481927710843373,0.1686746987951807,0.6265060240963856,0.5898479097506863
forgot,83,0.6144578313253012,0.012048192771084338,0.37349397590361444,0.5898479097506863
finals,83,0.13253012048192772,0.07228915662650602,0.7951807228915663,0.5898479097506863
whale,83,0.6626506024096386,0.07228915662650602,0.26506024096385544,0.5898479097506863
wanting,83,0.18072289156626506,0.21686746987951808,0.6024096385542169,0.5898479097506863
deal,82,0.15853658536585366,0.12195121951219512,0.7195121951219512,0.5914072832408149
think,82,0.25609756097560976,0.13414634146341464,0.6097560975609756,0.5914072832408149
outer,82,0.6707317073170732,0.15853658536585366,0.17073170731707318,0.5914072832408149
taco,81,0.7777777777777778,0.037037037037037035,0.18518518518518517,0.5929954456147366
grandpa,80,0.2375,0.1625,0.6,0.5946132937424136
sharks,80,0.7625,0.025,0.2125,0.5946132937424136
spaceship,80,0.8,0.0875,0.1125,0.5946132937424136
lava,80,0.675,0.15,0.175,0.5946132937424136
goodbye,79,0.16455696202531644,0.1518987341772152,0.6835443037974683,0.5962617641043646
shaven,77,0.8181818181818182,0.09090909090909091,0.09090909090909091,0.5996545293361768
angrily,77,0.6103896103896104,0.07792207792207792,0.3116883116883117,0.5996545293361768
pacific,77,0.23376623376623376,0.07792207792207792,0.6883116883116883,0.5996545293361768
comedy,76,0.32894736842105265,0.06578947368421052,0.6052631578947368,0.6014009165467158
drove,74,0.6081081081081081,0.16216216216216217,0.22972972972972974,0.6049993001488437
necked,74,0.6891891891891891,0.16216216216216217,0.14864864864864866,0.6049993001488437
history,74,0.21621621621621623,0.10810810810810811,0.6756756756756757,0.6049993001488437
honeymoon,74,0.08108108108108109,0.013513513513513514,0.9054054054054054,0.6049993001488437
wondering,74,0.21621621621621623,0.14864864864864866,0.6351351351351351,0.6049993001488437
experienced,73,0.0547945205479452,0.1917808219178082,0.7534246575342466,0.6068536968764064
affection,73,0.0958904109589041,0.6712328767123288,0.2328767123287671,0.6068536968764064
proximity,73,0.0684931506849315,0.8493150684931506,0.0821917808219178,0.6068536968764064
stolen,73,0.3424657534246575,0.0136986301369863,0.6438356164383562,0.6068536968764064
ask,72,0.18055555555555555,0.1388888888888889,0.6805555555555556,0.6087465939504377
tonight,72,0.2777777777777778,0.1111111111111111,0.6111111111111112,0.6087465939504377
closet,72,0.7361111111111112,0.1111111111111111,0.1527777777777778,0.6087465939504377
steals,72,0.7083333333333334,0.05555555555555555,0.2361111111111111,0.6087465939504377
earn,71,0.09859154929577464,0.08450704225352113,0.8169014084507042,0.6106793422984313
showed,71,0.647887323943662,0.08450704225352113,0.2676056338028169,0.6106793422984313
icecream,70,0.6714285714285714,0.08571428571428572,0.24285714285714285,0.6126533601563728
thanksgiving,70,0.15714285714285714,0.02857142857142857,0.8142857142857143,0.6126533601563728
latest,70,0.18571428571428572,0.08571428571428572,0.7285714285714285,0.6126533601563728
heard,70,0.21428571428571427,0.17142857142857143,0.6142857142857143,0.6126533601563728
calmly,70,0.6285714285714286,0.14285714285714285,0.22857142857142856,0.6126533601563728
damage,69,0.15942028985507245,0.11594202898550725,0.7246376811594203,0.614670137442779
lodge,69,0.6811594202898551,0.13043478260869565,0.18840579710144928,0.614670137442779
agent,69,0.2318840579710145,0.10144927536231885,0.6666666666666666,0.614670137442779
drugs,69,0.34782608695652173,0.014492753623188406,0.6376811594202898,0.614670137442779
monkeys,68,0.7941176470588235,0.07352941176470588,0.1323529411764706,0.6167312404852441
purchased,68,0.1323529411764706,0.1323529411764706,0.7352941176470589,0.6167312404852441
alll,68,1.0,0.0,0.0,0.6167312404852441
dating,67,0.05970149253731343,0.04477611940298507,0.8955223880597015,0.6188383171335654
anyone,66,0.6515151515151515,0.06060606060606061,0.2878787878787879,0.6209931022973807
expert,66,0.045454545454545456,0.06060606060606061,0.8939393939393939,0.6209931022973807
theatre,66,0.6818181818181818,0.07575757575757576,0.24242424242424243,0.6209931022973807
cartwheels,65,0.676923076923077,0.16923076923076924,0.15384615384615385,0.6231974239506073
husbands,65,0.18461538461538463,0.046153846153846156,0.7692307692307693,0.6231974239506073
gossiping,64,0.234375,0.03125,0.734375,0.6254532096499119
bet,64,0.171875,0.046875,0.78125,0.6254532096499119
dugout,62,0.6612903225806451,0.14516129032258066,0.1935483870967742,0.6301274244652167
tacos,61,0.6885245901639344,0.01639344262295082,0.29508196721311475,0.632550273572999
ignores,60,0.7,0.1,0.2,0.6350334442854078
rollercoaster,60,0.75,0.05,0.2,0.6350334442854078
consuming,59,0.1016949152542373,0.7796610169491526,0.11864406779661017,0.6375794819214
nowhere,59,0.7457627118644068,0.06779661016949153,0.1864406779661017,0.6375794819214
loved,59,0.1694915254237288,0.13559322033898305,0.6949152542372882,0.6375794819214
none,59,0.8305084745762712,0.03389830508474576,0.13559322033898305,0.6375794819214
xbox,59,0.9322033898305084,0.0,0.06779661016949153,0.6375794819214
robbing,58,0.8275862068965517,0.0,0.1724137931034483,0.6401910847457597
pushups,58,0.6896551724137931,0.15517241379310345,0.15517241379310345,0.6401910847457597
minutes,58,0.1896551724137931,0.06896551724137931,0.7413793103448276,0.6401910847457597
saturday,58,0.22413793103448276,0.08620689655172414,0.6896551724137931,0.6401910847457597
stayed,57,0.8245614035087719,0.03508771929824561,0.14035087719298245,0.642871115991851
destroying,57,0.7894736842105263,0.03508771929824561,0.17543859649122806,0.642871115991851
sibling,57,0.17543859649122806,0.14035087719298245,0.6842105263157895,0.642871115991851
flirting,57,0.15789473684210525,0.03508771929824561,0.8070175438596491,0.642871115991851
lose,57,0.19298245614035087,0.05263157894736842,0.7543859649122807,0.642871115991851
motel,56,0.9107142857142857,0.017857142857142856,0.07142857142857142,0.6456226170600238
trout,56,0.16071428571428573,0.03571428571428571,0.8035714285714286,0.6456226170600238
jail,56,0.6964285714285714,0.017857142857142856,0.2857142857142857,0.6456226170600238
photoshoot,56,0.125,0.07142857142857142,0.8035714285714286,0.6456226170600238
wrote,55,0.2,0.05454545454545454,0.7454545454545455,0.64844882203
friday,55,0.14545454545454545,0.05454545454545454,0.8,0.64844882203
suicide,54,0.24074074074074073,0.037037037037037035,0.7222222222222222,0.6513531736446889
biggest,54,0.05555555555555555,0.07407407407407407,0.8703703703703703,0.6513531736446889
kennel,54,0.7777777777777778,0.09259259259259259,0.12962962962962962,0.6513531736446889
faster,54,0.2037037037037037,0.09259259259259259,0.7037037037037037,0.6513531736446889
neighbor,53,0.22641509433962265,0.018867924528301886,0.7547169811320755,0.6543393409450655
halftime,53,0.3018867924528302,0.03773584905660377,0.660377358490566,0.6543393409450655
crush,53,0.20754716981132076,0.07547169811320754,0.7169811320754716,0.6543393409450655
title,53,0.1320754716981132,0.03773584905660377,0.8301886792452831,0.6543393409450655
midnight,52,0.6730769230769231,0.0,0.3269230769230769,0.657411238761525
champion,52,0.11538461538461539,0.0,0.8846153846153846,0.657411238761525
celebrity,52,0.15384615384615385,0.11538461538461539,0.7307692307692307,0.657411238761525
vet,52,0.6730769230769231,0.0,0.3269230769230769,0.657411238761525
belong,52,0.07692307692307693,0.07692307692307693,0.8461538461538461,0.657411238761525
idly,52,0.75,0.11538461538461539,0.1346153846153846,0.657411238761525
girlfriends,51,0.23529411764705882,0.09803921568627451,0.6666666666666666,0.6605730492971977
rooms,50,0.74,0.1,0.16,0.6638292460738586
mt,50,0.3,0.02,0.68,0.6638292460738586
smashing,49,0.7346938775510204,0.08163265306122448,0.1836734693877551,0.6671846205522803
ignore,49,0.673469387755102,0.08163265306122448,0.24489795918367346,0.6671846205522803
submarine,49,0.6938775510204082,0.12244897959183673,0.1836734693877551,0.6671846205522803
politician,49,0.1836734693877551,0.12244897959183673,0.6938775510204082,0.6671846205522803
lazily,49,0.8367346938775511,0.04081632653061224,0.12244897959183673,0.6671846205522803
atlantic,48,0.22916666666666666,0.0,0.7708333333333334,0.670644311787367
whether,47,0.19148936170212766,0.0851063829787234,0.723404255319149,0.6742138395356034
degrees,47,0.723404255319149,0.1702127659574468,0.10638297872340426,0.6742138395356034
soundly,46,0.8043478260869565,0.043478260869565216,0.15217391304347827,0.677899141300077
facebook,46,0.10869565217391304,0.06521739130434782,0.8260869565217391,0.677899141300077
taxes,46,0.8478260869565217,0.0,0.15217391304347827,0.677899141300077
ther,46,0.10869565217391304,0.6956521739130435,0.1956521739130435,0.677899141300077
cocoa,45,0.8444444444444444,0.022222222222222223,0.13333333333333333,0.6817066138787737
wives,45,0.24444444444444444,0.0,0.7555555555555555,0.6817066138787737
dollars,45,0.2222222222222222,0.08888888888888889,0.6888888888888889,0.6817066138787737
appointment,44,0.20454545454545456,0.06818181818181818,0.7272727272727273,0.6856431600777398
bakes,44,0.75,0.09090909090909091,0.1590909090909091,0.6856431600777398
leak,44,0.1590909090909091,0.11363636363636363,0.7272727272727273,0.6856431600777398
mice,43,0.8372093023255814,0.046511627906976744,0.11627906976744186,0.6897162413654576
learned,43,0.16279069767441862,0.09302325581395349,0.7441860465116279,0.6897162413654576
rare,43,0.18604651162790697,0.09302325581395349,0.7209302325581395,0.6897162413654576
revolution,42,0.7619047619047619,0.07142857142857142,0.16666666666666666,0.6939339373826137
earlier,41,0.14634146341463414,0.07317073170731707,0.7804878048780488,0.6983050133876886
newest,41,0.14634146341463414,0.0975609756097561,0.7560975609756098,0.6983050133876886
cousins,41,0.024390243902439025,0.0,0.975609756097561,0.6983050133876886
liked,41,0.04878048780487805,0.07317073170731707,0.8780487804878049,0.6983050133876886
slept,40,0.825,0.1,0.075,0.70283899692016
dull,40,0.775,0.1,0.125,0.70283899692016
eve,40,0.075,0.025,0.9,0.70283899692016
considering,39,0.05128205128205128,0.10256410256410256,0.8461538461538461,0.7075462652080864
destroy,39,0.717948717948718,0.0,0.28205128205128205,0.7075462652080864
awareness,39,0.07692307692307693,0.02564102564102564,0.8974358974358975,0.7075462652080864
500,39,0.2564102564102564,0.02564102564102564,0.717948717948718,0.7075462652080864
refuses,39,0.8717948717948718,0.02564102564102564,0.10256410256410256,0.7075462652080864
noon,39,0.7692307692307693,0.02564102564102564,0.20512820512820512,0.7075462652080864
hated,39,0.9487179487179487,0.0,0.05128205128205128,0.7075462652080864
hired,39,0.05128205128205128,0.05128205128205128,0.8974358974358975,0.7075462652080864
escaped,39,0.2564102564102564,0.02564102564102564,0.717948717948718,0.7075462652080864
attract,39,0.07692307692307693,0.20512820512820512,0.717948717948718,0.7075462652080864
annoyed,39,0.1282051282051282,0.1282051282051282,0.7435897435897436,0.7075462652080864
lover,39,0.1282051282051282,0.02564102564102564,0.8461538461538461,0.7075462652080864
planet,38,0.7894736842105263,0.02631578947368421,0.18421052631578946,0.7124381451462771
tuesday,38,0.15789473684210525,0.02631578947368421,0.8157894736842105,0.7124381451462771
windowless,38,0.8421052631578947,0.07894736842105263,0.07894736842105263,0.7124381451462771
forced,37,0.24324324324324326,0.02702702702702703,0.7297297297297297,0.7175270280390273
mute,37,0.972972972972973,0.02702702702702703,0.0,0.7175270280390273
documentary,37,0.1891891891891892,0.05405405405405406,0.7567567567567568,0.7175270280390273
fundraiser,36,0.1111111111111111,0.1111111111111111,0.7777777777777778,0.7228265017554382
divorce,36,0.8055555555555556,0.0,0.19444444444444445,0.7228265017554382
childhood,36,0.16666666666666666,0.08333333333333333,0.75,0.7228265017554382
emptyhanded,36,0.9444444444444444,0.05555555555555555,0.0,0.7228265017554382
milking,36,0.7777777777777778,0.1111111111111111,0.1111111111111111,0.7228265017554382
grandchildren,35,0.14285714285714285,0.05714285714285714,0.8,0.7283515035088924
grade,35,0.11428571428571428,0.14285714285714285,0.7428571428571429,0.7283515035088924
tony,35,0.14285714285714285,0.02857142857142857,0.8285714285714286,0.7283515035088924
sitted,35,0.11428571428571428,0.8,0.08571428571428572,0.7283515035088924
lions,34,0.9411764705882353,0.0,0.058823529411764705,0.7341184971757166
jello,33,0.8787878787878788,0.030303030303030304,0.09090909090909091,0.7401456799514003
unicorn,33,0.8181818181818182,0.06060606060606061,0.12121212121212122,0.7401456799514003
boyfriends,33,0.12121212121212122,0.0,0.8787878787878788,0.7401456799514003
playoff,33,0.0,0.0,1.0,0.7401456799514003
grew,33,0.15151515151515152,0.06060606060606061,0.7878787878787878,0.7401456799514003
results,33,0.12121212121212122,0.06060606060606061,0.8181818181818182,0.7401456799514003
mammals,31,0.0,0.9032258064516129,0.0967741935483871,0.7530635622442392
colorado,31,0.0967741935483871,0.0,0.9032258064516129,0.7530635622442392
frown,31,0.8064516129032258,0.0967741935483871,0.0967741935483871,0.7530635622442392
highest,31,0.03225806451612903,0.06451612903225806,0.9032258064516129,0.7530635622442392
xgames,30,0.06666666666666667,0.0,0.9333333333333333,0.7600017220112247
overtime,30,0.2,0.0,0.8,0.7600017220112247
cancelled,29,0.7931034482758621,0.0,0.20689655172413793,0.7672957271000984
weeks,29,0.1724137931034483,0.034482758620689655,0.7931034482758621,0.7672957271000984
interstate,28,0.8214285714285714,0.0,0.17857142857142858,0.7749770737633985
determine,28,0.14285714285714285,0.07142857142857142,0.7857142857142857,0.7749770737633985
worms,28,0.7857142857142857,0.0,0.21428571428571427,0.7749770737633985
wolves,28,0.7857142857142857,0.0,0.21428571428571427,0.7749770737633985
rips,28,0.8571428571428571,0.03571428571428571,0.10714285714285714,0.7749770737633985
dare,28,0.10714285714285714,0.0,0.8928571428571429,0.7749770737633985
refusing,27,0.8148148148148148,0.07407407407407407,0.1111111111111111,0.7830813046053783
audition,27,0.1111111111111111,0.0,0.8888888888888888,0.7830813046053783
lesbian,26,0.11538461538461539,0.038461538461538464,0.8461538461538461,0.7916487024553474
smashes,26,0.9230769230769231,0.0,0.07692307692307693,0.7916487024553474
slapping,26,0.8846153846153846,0.038461538461538464,0.07692307692307693,0.7916487024553474
wimbledon,25,0.12,0.0,0.88,0.8007251354398592
championships,25,0.08,0.0,0.92,0.8007251354398592
noone,25,1.0,0.0,0.0,0.8007251354398592
weekly,24,0.0,0.041666666666666664,0.9583333333333334,0.8103630938003668
contacts,23,0.9130434782608695,0.0,0.08695652173913043,0.8206229720899457
fastest,23,0.08695652173913043,0.08695652173913043,0.8260869565217391,0.8206229720899457
aunt,23,0.08695652173913043,0.043478260869565216,0.8695652173913043,0.8206229720899457
cleanshaven,23,0.8260869565217391,0.08695652173913043,0.08695652173913043,0.8206229720899457
nuclear,23,0.8260869565217391,0.0,0.17391304347826086,0.8206229720899457
tomorrow,23,0.08695652173913043,0.0,0.9130434782608695,0.8206229720899457
worldfamous,22,0.09090909090909091,0.045454545454545456,0.8636363636363636,0.8315746684725884
playstation,22,0.9090909090909091,0.045454545454545456,0.045454545454545456,0.8315746684725884
lesbians,21,0.047619047619047616,0.09523809523809523,0.8571428571428571,0.843299598179756
videogames,21,0.9047619047619048,0.0,0.09523809523809523,0.843299598179756
nephew,21,0.09523809523809523,0.0,0.9047619047619048,0.843299598179756
bacteria,21,0.09523809523809523,0.047619047619047616,0.8571428571428571,0.843299598179756
bvoy,20,0.0,1.0,0.0,0.8558932541514939
yearbook,20,0.1,0.0,0.9,0.8558932541514939
shortcut,19,0.0,0.05263157894736842,0.9473684210526315,0.8694684997600983
previous,19,0.05263157894736842,0.05263157894736842,0.8947368421052632,0.8694684997600983
cheetos,18,1.0,0.0,0.0,0.8841598545675422
ceo,18,0.1111111111111111,0.0,0.8888888888888888,0.8841598545675422
embarrassed,17,0.0,0.0,1.0,0.9001291476371549
hitler,16,0.9375,0.0,0.0625,0.9175730859664906
qualify,16,0.0625,0.0,0.9375,0.9175730859664906
stabbing,16,1.0,0.0,0.0,0.9175730859664906
robs,16,1.0,0.0,0.0,0.9175730859664906
gamewinning,14,0.0,0.0,1.0,0.9579119007867143
devoid,13,1.0,0.0,0.0,0.9814891441897167
solitaire,13,1.0,0.0,0.0,0.9814891441897167
propose,13,0.0,0.0,1.0,0.9814891441897167
uncles,13,0.0,0.0,1.0,0.9814891441897167
