,n,p_0,p_1,boundary
the,27205,0.45675427311156036,0.5432457268884396,0.5146438622255495
a,21609,0.43005229302605397,0.569947706973946,0.5164309496419006
and,19920,0.3926706827309237,0.6073293172690764,0.5171133618112614
of,17907,0.4346903445579941,0.565309655442006,0.51804964158875
s,8765,0.4661722760981175,0.5338277239018825,0.5257990693028385
that,7759,0.46578167289599176,0.5342183271040083,0.5274206107280751
in,7495,0.4703135423615744,0.5296864576384256,0.5278993561403111
with,4745,0.3656480505795574,0.6343519494204426,0.5350640349862685
an,4133,0.37865956932010647,0.6213404306798935,0.5375705278464075
film,4038,0.36973749380881626,0.6302625061911837,0.5380099100678242
its,3924,0.4597349643221203,0.5402650356778798,0.5385580888724858
you,2749,0.439432520916697,0.5605674790833031,0.5460672862524406
nt,2311,0.7226308957161403,0.2773691042838598,0.5502435163766447
one,2031,0.42885278188084686,0.5711472181191531,0.5535950940854354
not,1886,0.6214209968186638,0.37857900318133614,0.5556172043876177
has,1886,0.4188759278897137,0.5811240721102863,0.5556172043876177
his,1860,0.4188172043010753,0.5811827956989247,0.5560045777577105
like,1782,0.6279461279461279,0.3720538720538721,0.5572171404895842
so,1712,0.5776869158878505,0.4223130841121495,0.5583751647392269
or,1710,0.7023391812865497,0.2976608187134503,0.5584092922865672
have,1671,0.5733093955715141,0.42669060442848594,0.5590869774327047
most,1516,0.33839050131926124,0.6616094986807388,0.5620340875602718
story,1398,0.42131616595135907,0.5786838340486409,0.5645990920040105
good,1341,0.25727069351230425,0.7427293064876958,0.5659577163123208
out,1282,0.5795631825273011,0.4204368174726989,0.5674583923156327
too,1280,0.86015625,0.13984375,0.5675110736140293
who,1271,0.41856805664830843,0.5814319433516916,0.5677496762280387
funny,1105,0.22805429864253393,0.7719457013574661,0.5726605800218237
no,1057,0.7890255439924314,0.2109744560075686,0.5742920779443074
comedy,1053,0.4036087369420703,0.5963912630579298,0.5744330497559879
just,1050,0.6761904761904762,0.3238095238095238,0.5745393068404288
does,1009,0.6015857284440039,0.398414271555996,0.5760386532389067
much,987,0.6048632218844985,0.3951367781155015,0.5768814247566216
will,937,0.4012806830309498,0.5987193169690501,0.5789060319343762
some,909,0.38613861386138615,0.6138613861386139,0.5801120892243772
bad,907,0.9195148842337376,0.0804851157662624,0.5802003670354295
little,905,0.5812154696132596,0.41878453038674035,0.5802889373186713
very,890,0.40337078651685393,0.596629213483146,0.5809627024509557
best,807,0.1449814126394052,0.8550185873605948,0.585024332674804
any,788,0.6307106598984772,0.36928934010152287,0.586043266750671
love,777,0.18404118404118405,0.8159588159588159,0.5866501841380086
been,776,0.6662371134020618,0.3337628865979381,0.5867059974669122
life,772,0.2616580310880829,0.7383419689119171,0.5869303341871903
work,761,0.3455978975032852,0.6544021024967148,0.5875563545009027
enough,743,0.3566621803499327,0.6433378196500673,0.5886105827015496
only,707,0.6308345120226309,0.36916548797736914,0.5908385707560798
makes,701,0.3566333808844508,0.6433666191155493,0.5912264952430397
us,692,0.29624277456647397,0.703757225433526,0.5918178146908398
new,684,0.3684210526315789,0.631578947368421,0.5923532000720284
something,672,0.3869047619047619,0.6130952380952381,0.5931741335505359
do,666,0.6441441441441441,0.35585585585585583,0.5935928958112879
humor,660,0.33484848484848484,0.6651515151515152,0.5940173555662622
through,650,0.6061538461538462,0.39384615384615385,0.5947378056083386
was,641,0.6692667706708268,0.33073322932917315,0.5954005733086527
well,624,0.28525641025641024,0.7147435897435898,0.596691367954755
great,617,0.20097244732576985,0.7990275526742301,0.5972383133888267
would,611,0.690671031096563,0.309328968903437,0.5977145855283759
director,603,0.33499170812603646,0.6650082918739635,0.5983606394118741
performances,583,0.17495711835334476,0.8250428816466552,0.6000335593556765
plot,563,0.7744227353463587,0.2255772646536412,0.6017948488706433
drama,562,0.36298932384341637,0.6370106761565836,0.6018853734317702
her,560,0.30178571428571427,0.6982142857142857,0.6020671494432549
could,549,0.6302367941712204,0.3697632058287796,0.603084608797691
films,544,0.35661764705882354,0.6433823529411765,0.603557259642916
see,540,0.3851851851851852,0.6148148148148148,0.6039400973982412
fun,525,0.16,0.84,0.605414498663624
without,515,0.37281553398058254,0.6271844660194175,0.6064330198915328
cast,506,0.2826086956521739,0.717391304347826,0.6073753867088627
nothing,502,0.7470119521912351,0.25298804780876494,0.6078023283003684
both,499,0.2745490981963928,0.7254509018036072,0.6081258977973237
when,498,0.6164658634538153,0.38353413654618473,0.6082344034922614
look,496,0.3245967741935484,0.6754032258064516,0.6084523984834956
entertaining,477,0.14046121593291405,0.859538784067086,0.610591260942175
real,468,0.30982905982905984,0.6901709401709402,0.6116495746339818
often,462,0.341991341991342,0.658008658008658,0.6123722331467609
performance,453,0.18322295805739514,0.8167770419426048,0.6134830235717825
long,449,0.6547884187082406,0.34521158129175944,0.6139873950506478
while,442,0.3597285067873303,0.6402714932126696,0.614886464488945
still,441,0.26303854875283444,0.7369614512471655,0.6150166474933043
world,439,0.20273348519362186,0.7972665148063781,0.6152783466882673
script,436,0.6720183486238532,0.32798165137614677,0.6156742666174575
also,435,0.2896551724137931,0.7103448275862069,0.6158071492191327
interesting,426,0.33568075117370894,0.6643192488262911,0.6170240703688371
heart,419,0.10978520286396182,0.8902147971360382,0.6179975494007918
another,419,0.6420047732696897,0.35799522673031026,0.6179975494007918
dialogue,400,0.715,0.285,0.6207674798679695
minutes,399,0.8395989974937343,0.16040100250626566,0.6209187228575632
down,391,0.7058823529411765,0.29411764705882354,0.6221494794863369
get,388,0.6494845360824743,0.35051546391752575,0.6226207975567944
big,386,0.3756476683937824,0.6243523316062176,0.6229380575891501
thriller,377,0.259946949602122,0.7400530503978779,0.6243968331138875
less,368,0.7391304347826086,0.2608695652173913,0.6259088015090962
hard,368,0.6277173913043478,0.37228260869565216,0.6259088015090962
human,363,0.18457300275482094,0.8154269972451791,0.6267729763838635
moments,360,0.25833333333333336,0.7416666666666667,0.6273001012204382
tale,359,0.21448467966573817,0.7855153203342619,0.6274772761165065
actors,359,0.3342618384401114,0.6657381615598886,0.6274772761165065
compelling,354,0.1638418079096045,0.8361581920903954,0.6283743827238492
romantic,351,0.3076923076923077,0.6923076923076923,0.6289218239396732
cinema,350,0.2742857142857143,0.7257142857142858,0.629105866608589
rather,350,0.66,0.34,0.629105866608589
year,347,0.3631123919308357,0.6368876080691642,0.629662760063015
family,346,0.2254335260115607,0.7745664739884393,0.6298499988032453
worth,331,0.21450151057401812,0.7854984894259819,0.6327596205566471
seem,329,0.7203647416413373,0.2796352583586626,0.6331625338367524
seems,323,0.6934984520123839,0.3065015479876161,0.6343936466214495
documentary,323,0.2724458204334365,0.7275541795665634,0.6343936466214495
were,323,0.7863777089783281,0.21362229102167182,0.6343936466214495
emotional,321,0.2897196261682243,0.7102803738317757,0.6348116683047256
our,319,0.23510971786833856,0.7648902821316614,0.6352336150901761
visual,315,0.2920634920634921,0.707936507936508,0.6360895325910065
fascinating,311,0.07717041800643087,0.9228295819935691,0.6369619103229289
moving,310,0.04516129032258064,0.9548387096774194,0.6371826387664149
sweet,309,0.15210355987055016,0.8478964401294499,0.6374044378421563
right,308,0.22077922077922077,0.7792207792207793,0.6376273162333153
works,307,0.19218241042345277,0.8078175895765473,0.6378512827219673
feels,306,0.7450980392156863,0.2549019607843137,0.6380763461905546
full,300,0.34,0.66,0.6394502740222499
piece,296,0.28378378378378377,0.7162162162162162,0.6403893437169319
yet,291,0.35738831615120276,0.6426116838487973,0.6415903009553238
care,291,0.6563573883161512,0.3436426116838488,0.6415903009553238
music,288,0.2569444444444444,0.7430555555555556,0.6423258399357519
me,285,0.7087719298245614,0.2912280701754386,0.6430729623391711
dull,285,0.9122807017543859,0.08771929824561403,0.6430729623391711
young,281,0.27402135231316727,0.7259786476868327,0.6440876769146568
ca,281,0.6619217081850534,0.33807829181494664,0.6440876769146568
keep,280,0.2714285714285714,0.7285714285714285,0.6443447470154127
anything,273,0.663003663003663,0.336996336996337,0.646183607734241
american,272,0.34558823529411764,0.6544117647058824,0.6464520810692038
why,272,0.7242647058823529,0.2757352941176471,0.6464520810692038
smart,271,0.16974169741697417,0.8302583025830258,0.646722039051433
worst,271,0.974169741697417,0.025830258302583026,0.646722039051433
experience,268,0.31343283582089554,0.6865671641791045,0.6475409591178112
comic,268,0.25,0.75,0.6475409591178112
enjoyable,267,0.07865168539325842,0.9213483146067416,0.6478169948298909
cinematic,265,0.3132075471698113,0.6867924528301886,0.6483737463104724
part,264,0.23106060606060605,0.7689393939393939,0.6486544915876492
where,261,0.6666666666666666,0.3333333333333333,0.6495063867658194
beautiful,260,0.07692307692307693,0.9230769230769231,0.6497936231243118
entertainment,260,0.27307692307692305,0.7269230769230769,0.6497936231243118
style,259,0.27413127413127414,0.7258687258687259,0.6500825214122298
history,259,0.22007722007722008,0.7799227799227799,0.6500825214122298
thing,257,0.6926070038910506,0.30739299610894943,0.6506653683488841
clever,256,0.2421875,0.7578125,0.650959349834962
art,256,0.26171875,0.73828125,0.650959349834962
gives,250,0.332,0.668,0.6527601214645258
idea,239,0.7489539748953975,0.2510460251046025,0.6562359774790874
amusing,238,0.22268907563025211,0.7773109243697479,0.6565638602688578
engaging,237,0.11814345991561181,0.8818565400843882,0.6568938160832519
same,236,0.6652542372881356,0.3347457627118644,0.6572258668590952
powerful,236,0.025423728813559324,0.9745762711864406,0.6572258668590952
star,235,0.28936170212765955,0.7106382978723405,0.6575600348595859
intelligent,235,0.1276595744680851,0.8723404255319149,0.6575600348595859
energy,234,0.32051282051282054,0.6794871794871795,0.6578963426805642
charming,232,0.08189655172413793,0.9181034482758621,0.6585754698692143
surprisingly,231,0.22510822510822512,0.7748917748917749,0.6589183361503007
summer,226,0.29646017699115046,0.7035398230088495,0.6606666652853425
charm,223,0.2645739910313901,0.7354260089686099,0.6617437723098025
short,220,0.740909090909091,0.2590909090909091,0.6628428366340349
solid,219,0.0136986301369863,0.9863013698630136,0.6632142004837889
pretty,217,0.31336405529953915,0.6866359447004609,0.6639646145576046
feature,211,0.3033175355450237,0.6966824644549763,0.6662795236581518
silly,210,0.7476190476190476,0.2523809523809524,0.6666749570909138
whose,208,0.2644230769230769,0.7355769230769231,0.6674743619509728
strong,207,0.07246376811594203,0.927536231884058,0.6678784020121282
manages,207,0.23671497584541062,0.7632850241545893,0.6678784020121282
predictable,206,0.8543689320388349,0.14563106796116504,0.6682853805536253
face,206,0.3058252427184466,0.6941747572815534,0.6682853805536253
think,205,0.7073170731707317,0.2926829268292683,0.6686953333670651
enjoy,205,0.28292682926829266,0.7170731707317073,0.6686953333670651
wit,205,0.28780487804878047,0.7121951219512195,0.6686953333670651
offers,204,0.23529411764705882,0.7647058823529411,0.6691082968573714
deeply,202,0.18811881188118812,0.8118811881188119,0.6699434046367366
perfect,202,0.0891089108910891,0.9108910891089109,0.6699434046367366
satisfying,201,0.15422885572139303,0.845771144278607,0.6703656249263277
power,199,0.06532663316582915,0.9346733668341709,0.6712195933092524
fans,199,0.31155778894472363,0.6884422110552764,0.6712195933092524
always,197,0.2233502538071066,0.7766497461928934,0.672086533501342
becomes,196,0.7653061224489796,0.23469387755102042,0.6725249712399565
spirit,195,0.11282051282051282,0.8871794871794871,0.6729667772674215
fresh,194,0.2422680412371134,0.7577319587628866,0.6734119949338243
beautifully,193,0.031088082901554404,0.9689119170984456,0.6738606683743806
true,193,0.3005181347150259,0.6994818652849741,0.6738606683743806
trying,193,0.8186528497409327,0.18134715025906736,0.6738606683743806
quirky,192,0.19791666666666666,0.8020833333333334,0.6743128425278123
half,192,0.6770833333333334,0.3229166666666667,0.6743128425278123
tone,188,0.3191489361702128,0.6808510638297872,0.6761574742416353
portrait,188,0.026595744680851064,0.973404255319149,0.6761574742416353
hilarious,188,0.026595744680851064,0.973404255319149,0.6761574742416353
fine,186,0.1827956989247312,0.8172043010752689,0.677102025110371
rare,185,0.07567567567567568,0.9243243243243243,0.6775800341447016
flat,185,0.9837837837837838,0.016216216216216217,0.6775800341447016
rich,183,0.07650273224043716,0.9234972677595629,0.6785477799159625
hours,182,0.6813186813186813,0.31868131868131866,0.6790376238540314
romance,180,0.3,0.7,0.6800295296374115
touching,178,0.0056179775280898875,0.9943820224719101,0.6810381063224258
study,176,0.17045454545454544,0.8295454545454546,0.6820638261812975
modern,176,0.17045454545454544,0.8295454545454546,0.6820638261812975
remarkable,176,0.03977272727272727,0.9602272727272727,0.6820638261812975
pleasure,174,0.2413793103448276,0.7586206896551724,0.6831071804317246
wonderful,174,0.04597701149425287,0.9540229885057471,0.6831071804317246
boring,173,0.884393063583815,0.11560693641618497,0.6836356293816797
small,172,0.22093023255813954,0.7790697674418605,0.6841686802253697
exercise,171,0.7426900584795322,0.2573099415204678,0.6847064001440568
title,170,0.7294117647058823,0.27058823529411763,0.6852488577001246
instead,170,0.8,0.2,0.6852488577001246
honest,169,0.05325443786982249,0.9467455621301775,0.6857961228737993
culture,168,0.20833333333333334,0.7916666666666666,0.6863482671010719
intriguing,167,0.09580838323353294,0.9041916167664671,0.686905363312867
dumb,167,0.8023952095808383,0.19760479041916168,0.686905363312867
tv,165,0.8545454545454545,0.14545454545454545,0.6880347111325246
video,164,0.725609756097561,0.27439024390243905,0.688607116447873
already,163,0.8466257668711656,0.15337423312883436,0.6891847812505948
lack,160,0.9125,0.0875,0.6909501518306573
stories,159,0.29559748427672955,0.7044025157232704,0.6915496828249545
obvious,158,0.7848101265822784,0.21518987341772153,0.692154896601018
memorable,156,0.28205128205128205,0.717948717948718,0.6933827359095099
images,156,0.21794871794871795,0.782051282051282,0.6933827359095099
french,156,0.16666666666666666,0.8333333333333334,0.6933827359095099
visually,156,0.30128205128205127,0.6987179487179487,0.6933827359095099
terrific,156,0.019230769230769232,0.9807692307692307,0.6933827359095099
adventure,153,0.0915032679738562,0.9084967320261438,0.695269441425605
gentle,151,0.09271523178807947,0.9072847682119205,0.696558362622864
beauty,151,0.09933774834437085,0.9006622516556292,0.696558362622864
mess,149,0.9731543624161074,0.026845637583892617,0.6978731489369625
fails,148,0.8918918918918919,0.10810810810810811,0.6985405138971432
slow,147,0.7619047619047619,0.23809523809523808,0.6992146771746426
ride,147,0.1564625850340136,0.8435374149659864,0.6992146771746426
cold,144,0.75,0.25,0.7012791331132826
head,144,0.75,0.25,0.7012791331132826
reason,144,0.8472222222222222,0.1527777777777778,0.7012791331132826
cliches,144,0.8541666666666666,0.14583333333333334,0.7012791331132826
left,143,0.8391608391608392,0.16083916083916083,0.7019816802165635
jokes,143,0.7552447552447552,0.24475524475524477,0.7019816802165635
gorgeous,143,0.06993006993006994,0.9300699300699301,0.7019816802165635
bland,142,0.8873239436619719,0.11267605633802817,0.7026916355873415
proves,141,0.28368794326241137,0.7163120567375887,0.7034091303463454
low,139,0.8920863309352518,0.1079136690647482,0.704867278978721
run,138,0.7898550724637681,0.21014492753623187,0.7056082118817695
thoughtful,137,0.1386861313868613,0.8613138686131386,0.7063572424567091
above,137,0.26277372262773724,0.7372262773722628,0.7063572424567091
stupid,137,0.9854014598540146,0.014598540145985401,0.7063572424567091
excellent,136,0.051470588235294115,0.9485294117647058,0.7071145192858319
simple,136,0.23529411764705882,0.7647058823529411,0.7071145192858319
contrived,136,0.9632352941176471,0.03676470588235294,0.7071145192858319
ugly,135,0.9851851851851852,0.014814814814814815,0.7078801947964825
debut,135,0.2740740740740741,0.725925925925926,0.7078801947964825
different,135,0.17037037037037037,0.8296296296296296,0.7078801947964825
else,135,0.7555555555555555,0.24444444444444444,0.7078801947964825
tired,135,0.9555555555555556,0.044444444444444446,0.7078801947964825
complex,135,0.17037037037037037,0.8296296296296296,0.7078801947964825
eyes,135,0.14074074074074075,0.8592592592592593,0.7078801947964825
lacks,134,0.8432835820895522,0.15671641791044777,0.7086544253899429
brilliant,133,0.09022556390977443,0.9097744360902256,0.7094373715756397
warmth,132,0.07575757575757576,0.9242424242424242,0.7102291981109307
certainly,131,0.26717557251908397,0.732824427480916,0.7110300741467505
attempt,131,0.732824427480916,0.26717557251908397,0.7110300741467505
wrong,130,0.7538461538461538,0.24615384615384617,0.7118401733794057
violence,130,0.823076923076923,0.17692307692307693,0.7118401733794057
cheap,129,0.7751937984496124,0.2248062015503876,0.7126596742088306
lost,129,0.7131782945736435,0.2868217054263566,0.7126596742088306
genuine,128,0.1640625,0.8359375,0.7134887599036278
soap,128,0.8359375,0.1640625,0.7134887599036278
role,127,0.28346456692913385,0.7165354330708661,0.7143276187732445
plays,127,0.7322834645669292,0.2677165354330709,0.7143276187732445
personal,127,0.1889763779527559,0.8110236220472441,0.7143276187732445
delightful,127,0.10236220472440945,0.8976377952755905,0.7143276187732445
barely,125,0.864,0.136,0.7160354355648938
impressive,125,0.056,0.944,0.7160354355648938
appealing,124,0.07258064516129033,0.9274193548387096,0.7169047969669913
nor,124,0.8870967741935484,0.11290322580645161,0.7169047969669913
seeing,124,0.22580645161290322,0.7741935483870968,0.7169047969669913
gags,123,0.7560975609756098,0.24390243902439024,0.7177847389045171
clichés,122,0.860655737704918,0.13934426229508196,0.7186754777504292
worse,122,0.9918032786885246,0.00819672131147541,0.7186754777504292
surprising,121,0.12396694214876033,0.8760330578512396,0.719577236123581
oldfashioned,121,0.2066115702479339,0.7933884297520661,0.719577236123581
ambitious,120,0.275,0.725,0.7204902431224598
running,120,0.8,0.2,0.7204902431224598
engrossing,120,0.03333333333333333,0.9666666666666667,0.7204902431224598
creative,119,0.07563025210084033,0.9243697478991597,0.7214147345697048
able,118,0.2033898305084746,0.7966101694915254,0.722350953267999
pretentious,118,0.9830508474576272,0.01694915254237288,0.722350953267999
worthy,118,0.11864406779661017,0.8813559322033898,0.722350953267999
psychological,117,0.23931623931623933,0.7606837606837606,0.7232991492679637
decent,117,0.23076923076923078,0.7692307692307693,0.7232991492679637
nice,116,0.06896551724137931,0.9310344827586207,0.724259580148729
warm,116,0.05172413793103448,0.9482758620689655,0.724259580148729
imagine,116,0.75,0.25,0.724259580148729
ends,116,0.7672413793103449,0.23275862068965517,0.724259580148729
perfectly,115,0.008695652173913044,0.991304347826087,0.7252325113118938
none,115,0.8956521739130435,0.10434782608695652,0.7252325113118938
waste,114,0.9385964912280702,0.06140350877192982,0.7262182162896362
sit,113,0.7787610619469026,0.22123893805309736,0.7272169770677899
deep,113,0.23008849557522124,0.7699115044247787,0.7272169770677899
unfunny,112,1.0,0.0,0.7282290844247479
inventive,112,0.026785714285714284,0.9732142857142857,0.7282290844247479
journey,112,0.1875,0.8125,0.7282290844247479
job,112,0.17857142857142858,0.8214285714285714,0.7282290844247479
winning,111,0.17117117117117117,0.8288288288288288,0.7292548382871245
try,111,0.7297297297297297,0.2702702702702703,0.7292548382871245
cool,111,0.10810810810810811,0.8918918918918919,0.7292548382871245
painful,111,0.7297297297297297,0.2702702702702703,0.7292548382871245
unique,110,0.00909090909090909,0.990909090909091,0.7302945481031584
convincing,110,0.20909090909090908,0.7909090909090909,0.7302945481031584
neither,109,0.8990825688073395,0.10091743119266056,0.7313485332349149
bring,109,0.22018348623853212,0.7798165137614679,0.7313485332349149
stylish,108,0.1111111111111111,0.8888888888888888,0.7324171233704164
thin,107,0.9065420560747663,0.09345794392523364,0.7335006589569074
master,107,0.2336448598130841,0.7663551401869159,0.7335006589569074
believable,107,0.19626168224299065,0.8037383177570093,0.7335006589569074
knows,107,0.1588785046728972,0.8411214953271028,0.7335006589569074
success,107,0.18691588785046728,0.8130841121495327,0.7335006589569074
artist,106,0.1509433962264151,0.8490566037735849,0.7345994916565487
awful,106,0.8584905660377359,0.14150943396226415,0.7345994916565487
lacking,106,0.8962264150943396,0.10377358490566038,0.7345994916565487
tedious,105,0.9523809523809523,0.047619047619047616,0.735713984825924
working,104,0.25,0.75,0.7368445140208464
shallow,104,0.9807692307692307,0.019230769230769232,0.7368445140208464
considerable,103,0.20388349514563106,0.7961165048543689,0.7379914675280544
epic,103,0.1941747572815534,0.8058252427184466,0.7379914675280544
falls,103,0.912621359223301,0.08737864077669903,0.7379914675280544
provocative,103,0.1941747572815534,0.8058252427184466,0.7379914675280544
endearing,101,0.2079207920792079,0.7920792079207921,0.7403362676731317
sensitive,101,0.07920792079207921,0.9207920792079208,0.7403362676731317
hackneyed,101,0.8316831683168316,0.16831683168316833,0.7403362676731317
watchable,101,0.22772277227722773,0.7722772277227723,0.7403362676731317
highly,100,0.18,0.82,0.7415349597359391
colorful,100,0.07,0.93,0.7415349597359391
greatest,100,0.2,0.8,0.7415349597359391
loud,99,0.9696969696969697,0.030303030303030304,0.74275176824173
help,99,0.20202020202020202,0.797979797979798,0.74275176824173
difficult,99,0.7777777777777778,0.2222222222222222,0.74275176824173
delivers,98,0.061224489795918366,0.9387755102040817,0.7439871541755746
witty,98,0.04081632653061224,0.9591836734693877,0.7439871541755746
adaptation,97,0.23711340206185566,0.7628865979381443,0.7452415951135889
relationships,97,0.23711340206185566,0.7628865979381443,0.7452415951135889
themes,97,0.17525773195876287,0.8247422680412371,0.7452415951135889
sharp,97,0.14432989690721648,0.8556701030927835,0.7452415951135889
masterpiece,96,0.22916666666666666,0.7708333333333334,0.7465155859986379
cliché,96,0.9375,0.0625,0.7465155859986379
skill,96,0.23958333333333334,0.7604166666666666,0.7465155859986379
emotions,96,0.21875,0.78125,0.7465155859986379
throughout,96,0.19791666666666666,0.8020833333333334,0.7465155859986379
successful,95,0.12631578947368421,0.8736842105263158,0.7478096399608328
heartfelt,95,0.031578947368421054,0.968421052631579,0.7478096399608328
poorly,95,1.0,0.0,0.7478096399608328
touch,95,0.21052631578947367,0.7894736842105263,0.7478096399608328
gone,95,0.8315789473684211,0.16842105263157894,0.7478096399608328
tries,95,0.8315789473684211,0.16842105263157894,0.7478096399608328
comingofage,94,0.14893617021276595,0.851063829787234,0.7491242891859098
animated,94,0.22340425531914893,0.776595744680851,0.7491242891859098
drag,94,0.925531914893617,0.07446808510638298,0.7491242891859098
pointless,93,1.0,0.0,0.750460085834827
mindless,93,0.8494623655913979,0.15053763440860216,0.750460085834827
captures,91,0.02197802197802198,0.978021978021978,0.753197435829424
unexpected,91,0.04395604395604396,0.9560439560439561,0.753197435829424
form,91,0.08791208791208792,0.9120879120879121,0.753197435829424
subtle,91,0.12087912087912088,0.8791208791208791,0.753197435829424
definitely,91,0.24175824175824176,0.7582417582417582,0.753197435829424
whether,91,0.7582417582417582,0.24175824175824176,0.753197435829424
complete,90,0.7555555555555555,0.24444444444444444,0.7546002024408764
poor,90,0.9777777777777777,0.022222222222222223,0.7546002024408764
spielberg,90,0.07777777777777778,0.9222222222222223,0.7546002024408764
intense,90,0.03333333333333333,0.9666666666666667,0.7546002024408764
pure,90,0.15555555555555556,0.8444444444444444,0.7546002024408764
ensemble,90,0.18888888888888888,0.8111111111111111,0.7546002024408764
straight,89,0.797752808988764,0.20224719101123595,0.756026545267517
oscar,89,0.2247191011235955,0.7752808988764045,0.756026545267517
problem,89,0.797752808988764,0.20224719101123595,0.756026545267517
depressing,89,0.9662921348314607,0.033707865168539325,0.756026545267517
intimate,89,0.0898876404494382,0.9101123595505618,0.756026545267517
pacing,89,0.797752808988764,0.20224719101123595,0.756026545267517
lovely,88,0.13636363636363635,0.8636363636363636,0.7574771322031286
exciting,88,0.1590909090909091,0.8409090909090909,0.7574771322031286
forced,88,0.8068181818181818,0.19318181818181818,0.7574771322031286
couple,88,0.23863636363636365,0.7613636363636364,0.7574771322031286
ability,88,0.17045454545454544,0.8295454545454546,0.7574771322031286
starts,87,0.7931034482758621,0.20689655172413793,0.7589526579344423
delicate,87,0.08045977011494253,0.9195402298850575,0.7589526579344423
grace,86,0.03488372093023256,0.9651162790697675,0.7604538453390715
sexy,86,0.06976744186046512,0.9302325581395349,0.7604538453390715
brings,86,0.08139534883720931,0.9186046511627907,0.7604538453390715
mediocre,86,0.9418604651162791,0.05813953488372093,0.7604538453390715
eye,85,0.2,0.8,0.7619814469736397
humanity,85,0.2235294117647059,0.7764705882352941,0.7619814469736397
contemporary,85,0.16470588235294117,0.8352941176470589,0.7619814469736397
female,85,0.23529411764705882,0.7647058823529411,0.7619814469736397
generic,84,0.9285714285714286,0.07142857142857142,0.7635362466590601
stale,84,0.8928571428571429,0.10714285714285714,0.7635362466590601
uneven,84,0.8690476190476191,0.13095238095238096,0.7635362466590601
worthwhile,84,0.047619047619047616,0.9523809523809523,0.7635362466590601
nicely,84,0.07142857142857142,0.9285714285714286,0.7635362466590601
manipulative,84,0.9404761904761905,0.05952380952380952,0.7635362466590601
pleasant,84,0.03571428571428571,0.9642857142857143,0.7635362466590601
strange,84,0.08333333333333333,0.9166666666666666,0.7635362466590601
sophisticated,83,0.12048192771084337,0.8795180722891566,0.7651190611705501
weird,83,0.8192771084337349,0.18072289156626506,0.7651190611705501
money,83,0.8554216867469879,0.14457831325301204,0.7651190611705501
painfully,83,0.9518072289156626,0.04819277108433735,0.7651190611705501
playful,83,0.0,1.0,0.7651190611705501
failure,83,0.9156626506024096,0.08433734939759036,0.7651190611705501
striking,83,0.024096385542168676,0.9759036144578314,0.7651190611705501
vivid,83,0.024096385542168676,0.9759036144578314,0.7651190611705501
crafted,82,0.12195121951219512,0.8780487804878049,0.7667307420406637
car,82,0.8780487804878049,0.12195121951219512,0.7667307420406637
terrible,82,0.8170731707317073,0.18292682926829268,0.7667307420406637
delight,82,0.08536585365853659,0.9146341463414634,0.7667307420406637
offensive,82,0.9634146341463414,0.036585365853658534,0.7667307420406637
needs,82,0.8170731707317073,0.18292682926829268,0.7667307420406637
mean,81,0.8765432098765432,0.12345679012345678,0.7683721774843768
soul,81,0.09876543209876543,0.9012345679012346,0.7683721774843768
thanks,81,0.1111111111111111,0.8888888888888888,0.7683721774843768
remarkably,81,0.12345679012345678,0.8765432098765432,0.7683721774843768
urban,81,0.18518518518518517,0.8148148148148148,0.7683721774843768
heartwarming,81,0.0,1.0,0.7683721774843768
clarity,80,0.075,0.925,0.7700442944561172
insightful,80,0.2,0.8,0.7700442944561172
inspiring,80,0.15,0.85,0.7700442944561172
casting,80,0.15,0.85,0.7700442944561172
supposed,80,0.825,0.175,0.7700442944561172
devoid,80,0.9875,0.0125,0.7700442944561172
imaginative,79,0.08860759493670886,0.9113924050632911,0.7717480608495594
energetic,78,0.038461538461538464,0.9615384615384616,0.7734844878520435
quiet,78,0.14102564102564102,0.8589743589743589,0.7734844878520435
smile,77,0.22077922077922077,0.7792207792207793,0.7752546324666305
genuinely,77,0.07792207792207792,0.922077922077922,0.7752546324666305
dead,77,0.8441558441558441,0.15584415584415584,0.7752546324666305
refreshing,77,0.025974025974025976,0.974025974025974,0.7752546324666305
funniest,77,0.18181818181818182,0.8181818181818182,0.7752546324666305
respect,77,0.06493506493506493,0.935064935064935,0.7752546324666305
chilling,77,0.06493506493506493,0.935064935064935,0.7752546324666305
dog,77,0.7792207792207793,0.22077922077922077,0.7752546324666305
sincere,76,0.18421052631578946,0.8157894736842105,0.7770596002160852
school,76,0.8421052631578947,0.15789473684210525,0.7770596002160852
product,76,0.881578947368421,0.11842105263157894,0.7770596002160852
extraordinary,76,0.013157894736842105,0.9868421052631579,0.7770596002160852
tiresome,76,1.0,0.0,0.7770596002160852
sloppy,76,0.881578947368421,0.11842105263157894,0.7770596002160852
empty,76,0.9473684210526315,0.05263157894736842,0.7770596002160852
wasted,75,0.92,0.08,0.7789005480444997
share,75,0.16,0.84,0.7789005480444997
treat,75,0.013333333333333334,0.9866666666666667,0.7789005480444997
meditation,75,0.06666666666666667,0.9333333333333333,0.7789005480444997
mix,75,0.2,0.8,0.7789005480444997
gripping,74,0.13513513513513514,0.8648648648648649,0.7807786874338638
originality,74,0.04054054054054054,0.9594594594594594,0.7807786874338638
effective,74,0.1891891891891892,0.8108108108108109,0.7807786874338638
wonderfully,74,0.0,1.0,0.7807786874338638
annoying,74,0.972972972972973,0.02702702702702703,0.7807786874338638
ridiculous,74,0.8783783783783784,0.12162162162162163,0.7807786874338638
ages,73,0.0547945205479452,0.9452054794520548,0.7826952877546551
dream,73,0.1232876712328767,0.8767123287671232,0.7826952877546551
entire,73,0.8356164383561644,0.1643835616438356,0.7826952877546551
superficial,73,0.9041095890410958,0.0958904109589041,0.7826952877546551
universal,73,0.0547945205479452,0.9452054794520548,0.7826952877546551
questions,73,0.1780821917808219,0.821917808219178,0.7826952877546551
lame,72,0.9583333333333334,0.041666666666666664,0.7846516798715037
plain,72,0.8472222222222222,0.1527777777777778,0.7846516798715037
90,72,0.8888888888888888,0.1111111111111111,0.7846516798715037
chance,72,0.06944444444444445,0.9305555555555556,0.7846516798715037
amateurish,71,0.9859154929577465,0.014084507042253521,0.7866492600272034
detailed,71,0.0,1.0,0.7866492600272034
america,71,0.19718309859154928,0.8028169014084507,0.7866492600272034
wellmade,71,0.11267605633802817,0.8873239436619719,0.7866492600272034
succeeds,71,0.11267605633802817,0.8873239436619719,0.7866492600272034
unnecessary,71,1.0,0.0,0.7866492600272034
10,71,0.9154929577464789,0.08450704225352113,0.7866492600272034
natural,70,0.18571428571428572,0.8142857142857143,0.7886894940308252
suffers,70,1.0,0.0,0.7886894940308252
sappy,70,0.8285714285714286,0.17142857142857143,0.7886894940308252
hardly,70,0.8,0.2,0.7886894940308252
ripoff,70,0.9857142857142858,0.014285714285714285,0.7886894940308252
triumph,70,0.15714285714285714,0.8428571428571429,0.7886894940308252
popcorn,70,0.15714285714285714,0.8428571428571429,0.7886894940308252
except,70,0.8714285714285714,0.12857142857142856,0.7886894940308252
meandering,69,0.9565217391304348,0.043478260869565216,0.7907739217784795
typical,69,0.7971014492753623,0.2028985507246377,0.7907739217784795
horrible,69,0.9130434782608695,0.08695652173913043,0.7907739217784795
frustrating,69,0.855072463768116,0.14492753623188406,0.7907739217784795
dreary,68,0.9264705882352942,0.07352941176470588,0.7929041621384075
mesmerizing,68,0.0,1.0,0.7929041621384075
disaster,68,0.9558823529411765,0.04411764705882353,0.7929041621384075
attempts,68,0.8088235294117647,0.19117647058823528,0.7929041621384075
holds,67,0.08955223880597014,0.9104477611940298,0.7950819182356224
realistic,67,0.11940298507462686,0.8805970149253731,0.7950819182356224
top,67,0.19402985074626866,0.8059701492537313,0.7950819182356224
refreshingly,67,0.0,1.0,0.7950819182356224
provides,66,0.045454545454545456,0.9545454545454546,0.7973089831752984
elegant,66,0.0,1.0,0.7973089831752984
yarn,66,0.045454545454545456,0.9545454545454546,0.7973089831752984
stunning,66,0.0,1.0,0.7973089831752984
credit,66,0.18181818181818182,0.8181818181818182,0.7973089831752984
grant,66,0.16666666666666666,0.8333333333333334,0.7973089831752984
oddly,66,0.06060606060606061,0.9393939393939394,0.7973089831752984
absorbing,66,0.07575757575757576,0.9242424242424242,0.7973089831752984
inept,66,1.0,0.0,0.7973089831752984
weak,66,0.8939393939393939,0.10606060606060606,0.7973089831752984
riveting,66,0.0,1.0,0.7973089831752984
dazzling,65,0.0,1.0,0.7995872462486235
shame,65,0.8307692307692308,0.16923076923076924,0.7995872462486235
superb,65,0.1076923076923077,0.8923076923076924,0.7995872462486235
reveals,65,0.09230769230769231,0.9076923076923077,0.7995872462486235
lazy,64,0.84375,0.15625,0.8019186996699239
crisp,64,0.046875,0.953125,0.8019186996699239
amazing,64,0.015625,0.984375,0.8019186996699239
editing,64,0.9375,0.0625,0.8019186996699239
badly,64,1.0,0.0,0.8019186996699239
achievement,63,0.19047619047619047,0.8095238095238095,0.8043054458996637
bullock,63,0.19047619047619047,0.8095238095238095,0.8043054458996637
bore,62,0.9838709677419355,0.016129032258064516,0.8067497056145017
listless,62,1.0,0.0,0.8067497056145017
exquisite,62,0.016129032258064516,0.9838709677419355,0.8067497056145017
admirable,62,0.14516129032258066,0.8548387096774194,0.8067497056145017
creates,62,0.06451612903225806,0.9354838709677419,0.8067497056145017
routine,62,0.8387096774193549,0.16129032258064516,0.8067497056145017
ludicrous,62,0.9354838709677419,0.06451612903225806,0.8067497056145017
undeniably,62,0.0967741935483871,0.9032258064516129,0.8067497056145017
substance,62,0.8387096774193549,0.16129032258064516,0.8067497056145017
lousy,61,1.0,0.0,0.809253826393073
pathetic,61,0.9180327868852459,0.08196721311475409,0.809253826393073
thoughtprovoking,61,0.0,1.0,0.809253826393073
means,61,0.16393442622950818,0.8360655737704918,0.809253826393073
pay,60,0.95,0.05,0.8118202921947237
quickly,60,0.8333333333333334,0.16666666666666666,0.8118202921947237
poignant,60,0.11666666666666667,0.8833333333333333,0.8118202921947237
holes,59,0.9830508474576272,0.01694915254237288,0.8144517337181905
sides,59,0.1694915254237288,0.8305084745762712,0.8144517337181905
tender,59,0.0,1.0,0.8144517337181905
repetitive,59,0.9830508474576272,0.01694915254237288,0.8144517337181905
happy,59,0.15254237288135594,0.847457627118644,0.8144517337181905
faith,59,0.11864406779661017,0.8813559322033898,0.8144517337181905
evocative,59,0.0,1.0,0.8144517337181905
cheesy,59,0.8305084745762712,0.1694915254237288,0.8144517337181905
friendship,58,0.15517241379310345,0.8448275862068966,0.8171509397384287
gifted,58,0.1206896551724138,0.8793103448275862,0.8171509397384287
revealing,58,0.1724137931034483,0.8275862068965517,0.8171509397384287
humorous,58,0.06896551724137931,0.9310344827586207,0.8171509397384287
glimpse,58,0.05172413793103448,0.9482758620689655,0.8171509397384287
offbeat,58,0.08620689655172414,0.9137931034482759,0.8171509397384287
heavy,58,0.8448275862068966,0.15517241379310345,0.8171509397384287
color,58,0.05172413793103448,0.9482758620689655,0.8171509397384287
perspective,57,0.05263157894736842,0.9473684210526315,0.8199208695326539
unpleasant,57,0.9473684210526315,0.05263157894736842,0.8199208695326539
delightfully,57,0.017543859649122806,0.9824561403508771,0.8199208695326539
grossout,57,0.8596491228070176,0.14035087719298245,0.8199208695326539
flair,57,0.08771929824561403,0.9122807017543859,0.8199208695326539
designed,57,0.8596491228070176,0.14035087719298245,0.8199208695326539
haunting,57,0.07017543859649122,0.9298245614035088,0.8199208695326539
blue,57,0.14035087719298245,0.8596491228070176,0.8199208695326539
sign,56,0.8928571428571429,0.10714285714285714,0.8227646665214725
virtually,56,0.9821428571428571,0.017857142857142856,0.8227646665214725
laughter,56,0.14285714285714285,0.8571428571428571,0.8227646665214725
accomplished,56,0.017857142857142856,0.9821428571428571,0.8227646665214725
exhilarating,56,0.14285714285714285,0.8571428571428571,0.8227646665214725
retread,56,0.9107142857142857,0.08928571428571429,0.8227646665214725
modest,55,0.03636363636363636,0.9636363636363636,0.8256856732680697
cliched,55,0.9454545454545454,0.05454545454545454,0.8256856732680697
force,55,0.14545454545454545,0.8545454545454545,0.8256856732680697
artificial,55,0.8727272727272727,0.12727272727272726,0.8256856732680697
formulaic,55,0.8545454545454545,0.14545454545454545,0.8256856732680697
quietly,55,0.03636363636363636,0.9636363636363636,0.8256856732680697
feelgood,55,0.05454545454545454,0.9454545454545454,0.8256856732680697
vibrant,55,0.0,1.0,0.8256856732680697
consistently,55,0.01818181818181818,0.9818181818181818,0.8256856732680697
fatal,54,0.8703703703703703,0.12962962962962962,0.8286874479981837
noir,54,0.14814814814814814,0.8518518518518519,0.8286874479981837
imax,54,0.037037037037037035,0.9629629629629629,0.8286874479981837
bears,54,0.8333333333333334,0.16666666666666666,0.8286874479981837
joke,53,0.8679245283018868,0.1320754716981132,0.8317737828265249
obnoxious,53,0.9811320754716981,0.018867924528301886,0.8317737828265249
delights,53,0.05660377358490566,0.9433962264150944,0.8317737828265249
missing,53,0.8679245283018868,0.1320754716981132,0.8317737828265249
bored,53,0.8679245283018868,0.1320754716981132,0.8317737828265249
unconvincing,53,1.0,0.0,0.8317737828265249
buoyant,53,0.03773584905660377,0.9622641509433962,0.8317737828265249
enjoyed,52,0.0,1.0,0.8349487239019455
irritating,52,1.0,0.0,0.8349487239019455
hugely,52,0.11538461538461539,0.8846153846153846,0.8349487239019455
timely,52,0.038461538461538464,0.9615384615384616,0.8349487239019455
clumsy,52,0.9230769230769231,0.07692307692307693,0.8349487239019455
loses,52,0.9615384615384616,0.038461538461538464,0.8349487239019455
washington,52,0.019230769230769232,0.9807692307692307,0.8349487239019455
masterful,52,0.0,1.0,0.8349487239019455
rewarding,52,0.0,1.0,0.8349487239019455
disappointing,51,0.8431372549019608,0.1568627450980392,0.8382165937147428
bother,51,1.0,0.0,0.8382165937147428
visceral,51,0.11764705882352941,0.8823529411764706,0.8382165937147428
plotting,51,0.9803921568627451,0.0196078431372549,0.8382165937147428
logic,51,0.9607843137254902,0.0392156862745098,0.8382165937147428
unimaginative,51,1.0,0.0,0.8382165937147428
eloquent,51,0.0196078431372549,0.9803921568627451,0.8382165937147428
deadly,51,0.9019607843137255,0.09803921568627451,0.8382165937147428
gradually,51,0.11764705882352941,0.8823529411764706,0.8382165937147428
hearts,51,0.0,1.0,0.8382165937147428
astonishing,51,0.0392156862745098,0.9607843137254902,0.8382165937147428
unfocused,50,0.98,0.02,0.8415820158458045
uplifting,50,0.0,1.0,0.8415820158458045
directorial,50,0.12,0.88,0.8415820158458045
crap,50,1.0,0.0,0.8415820158458045
incoherent,50,0.98,0.02,0.8415820158458045
unpredictable,50,0.02,0.98,0.8415820158458045
undeniable,50,0.04,0.96,0.8415820158458045
wannabe,50,0.92,0.08,0.8415820158458045
save,49,0.8979591836734694,0.10204081632653061,0.8450499424799129
affecting,49,0.061224489795918366,0.9387755102040817,0.8450499424799129
outstanding,49,0.0,1.0,0.8450499424799129
crude,49,0.8571428571428571,0.14285714285714285,0.8450499424799129
poem,49,0.061224489795918366,0.9387755102040817,0.8450499424799129
joyous,49,0.0,1.0,0.8450499424799129
resist,49,0.08163265306122448,0.9183673469387755,0.8450499424799129
absurd,49,0.8775510204081632,0.12244897959183673,0.8450499424799129
deft,48,0.0,1.0,0.8486256850556246
stuck,48,0.9375,0.0625,0.8486256850556246
grandeur,48,0.14583333333333334,0.8541666666666666,0.8486256850556246
choppy,48,1.0,0.0,0.8486256850556246
roll,48,0.125,0.875,0.8486256850556246
lyrical,48,0.14583333333333334,0.8541666666666666,0.8486256850556246
intoxicating,48,0.041666666666666664,0.9583333333333334,0.8486256850556246
sensual,48,0.0,1.0,0.8486256850556246
pleasures,48,0.041666666666666664,0.9583333333333334,0.8486256850556246
fantastic,48,0.041666666666666664,0.9583333333333334,0.8486256850556246
weight,48,0.9375,0.0625,0.8486256850556246
assured,48,0.08333333333333333,0.9166666666666666,0.8486256850556246
vapid,47,1.0,0.0,0.8523149484832706
seagal,47,0.8936170212765957,0.10638297872340426,0.8523149484832706
courage,47,0.02127659574468085,0.9787234042553191,0.8523149484832706
shoot,47,0.9361702127659575,0.06382978723404255,0.8523149484832706
charmer,47,0.02127659574468085,0.9787234042553191,0.8523149484832706
wry,47,0.0,1.0,0.8523149484832706
captivating,47,0.1276595744680851,0.8723404255319149,0.8523149484832706
heartbreaking,47,0.0425531914893617,0.9574468085106383,0.8523149484832706
tears,47,0.02127659574468085,0.9787234042553191,0.8523149484832706
missed,46,0.8695652173913043,0.13043478260869565,0.8561238694326118
unoriginal,46,0.9565217391304348,0.043478260869565216,0.8561238694326118
collection,46,0.8695652173913043,0.13043478260869565,0.8561238694326118
hopeful,46,0.0,1.0,0.8561238694326118
lawrence,46,0.9565217391304348,0.043478260869565216,0.8561238694326118
sour,46,1.0,0.0,0.8561238694326118
banal,46,0.9565217391304348,0.043478260869565216,0.8561238694326118
vividly,46,0.0,1.0,0.8561238694326118
unlikable,46,1.0,0.0,0.8561238694326118
splendid,46,0.0,1.0,0.8561238694326118
sink,46,0.9347826086956522,0.06521739130434782,0.8561238694326118
murky,46,0.9347826086956522,0.06521739130434782,0.8561238694326118
resonant,46,0.10869565217391304,0.8913043478260869,0.8561238694326118
positive,46,0.13043478260869565,0.8695652173913043,0.8561238694326118
deftly,45,0.13333333333333333,0.8666666666666667,0.860059059274823
gem,45,0.06666666666666667,0.9333333333333333,0.860059059274823
bittersweet,45,0.022222222222222223,0.9777777777777777,0.860059059274823
freshness,45,0.08888888888888889,0.9111111111111111,0.860059059274823
portrayal,45,0.022222222222222223,0.9777777777777777,0.860059059274823
strength,45,0.044444444444444446,0.9555555555555556,0.860059059274823
charismatic,45,0.06666666666666667,0.9333333333333333,0.860059059274823
spirits,45,0.044444444444444446,0.9555555555555556,0.860059059274823
plodding,44,0.9772727272727273,0.022727272727272728,0.8641276523625949
minds,44,0.09090909090909091,0.9090909090909091,0.8641276523625949
cult,44,0.09090909090909091,0.9090909090909091,0.8641276523625949
pulls,44,0.09090909090909091,0.9090909090909091,0.8641276523625949
richer,44,0.06818181818181818,0.9318181818181818,0.8641276523625949
spooky,43,0.06976744186046512,0.9302325581395349,0.8683373604507394
artists,43,0.11627906976744186,0.8837209302325582,0.8683373604507394
band,43,0.11627906976744186,0.8837209302325582,0.8683373604507394
exceptional,43,0.046511627906976744,0.9534883720930233,0.8683373604507394
queen,43,0.9534883720930233,0.046511627906976744,0.8683373604507394
compassion,43,0.06976744186046512,0.9302325581395349,0.8683373604507394
breathtaking,43,0.0,1.0,0.8683373604507394
bold,43,0.023255813953488372,0.9767441860465116,0.8683373604507394
trite,43,0.9069767441860465,0.09302325581395349,0.8683373604507394
smug,42,0.9523809523809523,0.047619047619047616,0.8726965342021439
nightmare,42,0.9047619047619048,0.09523809523809523,0.8726965342021439
sweetly,42,0.0,1.0,0.8726965342021439
adventurous,42,0.07142857142857142,0.9285714285714286,0.8726965342021439
indian,42,0.023809523809523808,0.9761904761904762,0.8726965342021439
immensely,42,0.0,1.0,0.8726965342021439
soulful,42,0.023809523809523808,0.9761904761904762,0.8726965342021439
preachy,42,1.0,0.0,0.8726965342021439
stirring,42,0.0,1.0,0.8726965342021439
nowhere,42,1.0,0.0,0.8726965342021439
sweetness,42,0.09523809523809523,0.9047619047619048,0.8726965342021439
measure,42,0.023809523809523808,0.9761904761904762,0.8726965342021439
unforced,42,0.0,1.0,0.8726965342021439
magnificent,42,0.09523809523809523,0.9047619047619048,0.8726965342021439
spectacular,42,0.09523809523809523,0.9047619047619048,0.8726965342021439
awkward,42,1.0,0.0,0.8726965342021439
paperthin,41,1.0,0.0,0.877214232895746
pretends,41,0.926829268292683,0.07317073170731707,0.877214232895746
shapeless,41,1.0,0.0,0.877214232895746
polished,41,0.0,1.0,0.877214232895746
heavyhanded,41,0.9512195121951219,0.04878048780487805,0.877214232895746
relentlessly,41,0.9024390243902439,0.0975609756097561,0.877214232895746
topnotch,40,0.025,0.975,0.8819003036613146
tiny,40,0.075,0.925,0.8819003036613146
sadness,40,0.1,0.9,0.8819003036613146
startling,40,0.0,1.0,0.8819003036613146
relief,40,0.0,1.0,0.8819003036613146
happening,40,0.9,0.1,0.8819003036613146
confident,40,0.025,0.975,0.8819003036613146
unfortunately,40,0.925,0.075,0.8819003036613146
artistic,40,0.05,0.95,0.8819003036613146
sympathetic,40,0.0,1.0,0.8819003036613146
faithful,40,0.05,0.95,0.8819003036613146
witch,39,0.8974358974358975,0.10256410256410256,0.8867654718190199
gritty,39,0.05128205128205128,0.9487179487179487,0.8867654718190199
sparkling,39,0.05128205128205128,0.9487179487179487,0.8867654718190199
honesty,39,0.0,1.0,0.8867654718190199
flimsy,39,1.0,0.0,0.8867654718190199
teacher,39,0.05128205128205128,0.9487179487179487,0.8867654718190199
witless,39,1.0,0.0,0.8867654718190199
pleasing,39,0.0,1.0,0.8867654718190199
roles,39,0.05128205128205128,0.9487179487179487,0.8867654718190199
exploitation,39,1.0,0.0,0.8867654718190199
disguise,39,1.0,0.0,0.8867654718190199
musical,39,0.02564102564102564,0.9743589743589743,0.8867654718190199
uninspired,39,0.9743589743589743,0.02564102564102564,0.8867654718190199
recycled,38,0.9473684210526315,0.05263157894736842,0.8918214442112555
appears,38,1.0,0.0,0.8918214442112555
leaden,38,0.9736842105263158,0.02631578947368421,0.8918214442112555
imagery,38,0.07894736842105263,0.9210526315789473,0.8918214442112555
sand,38,0.07894736842105263,0.9210526315789473,0.8918214442112555
treasure,38,0.02631578947368421,0.9736842105263158,0.8918214442112555
inevitable,38,0.8947368421052632,0.10526315789473684,0.8918214442112555
enthusiastic,38,0.10526315789473684,0.8947368421052632,0.8918214442112555
skip,38,0.9473684210526315,0.05263157894736842,0.8918214442112555
ahead,38,0.0,1.0,0.8918214442112555
shooting,38,0.9736842105263158,0.02631578947368421,0.8918214442112555
strikes,38,0.0,1.0,0.8918214442112555
aplomb,38,0.0,1.0,0.8918214442112555
seconds,38,0.8947368421052632,0.10526315789473684,0.8918214442112555
walked,38,0.9210526315789473,0.07894736842105263,0.8918214442112555
thrill,38,0.0,1.0,0.8918214442112555
guessing,38,0.0,1.0,0.8918214442112555
hastily,38,1.0,0.0,0.8918214442112555
depiction,38,0.07894736842105263,0.9210526315789473,0.8918214442112555
breathtakingly,37,0.0,1.0,0.8970810277942863
convenient,37,0.918918918918919,0.08108108108108109,0.8970810277942863
irresistible,37,0.0,1.0,0.8970810277942863
soulless,37,1.0,0.0,0.8970810277942863
doze,37,1.0,0.0,0.8970810277942863
delicious,37,0.0,1.0,0.8970810277942863
accept,37,0.08108108108108109,0.918918918918919,0.8970810277942863
overwrought,37,0.918918918918919,0.08108108108108109,0.8970810277942863
dumbeddown,37,0.972972972972973,0.02702702702702703,0.8970810277942863
juvenile,37,0.918918918918919,0.08108108108108109,0.8970810277942863
feat,37,0.02702702702702703,0.972972972972973,0.8970810277942863
potent,37,0.0,1.0,0.8970810277942863
charmless,37,0.972972972972973,0.02702702702702703,0.8970810277942863
terribly,37,0.9459459459459459,0.05405405405405406,0.8970810277942863
lively,37,0.02702702702702703,0.972972972972973,0.8970810277942863
desperately,37,0.918918918918919,0.08108108108108109,0.8970810277942863
lifeless,37,1.0,0.0,0.8970810277942863
spirited,37,0.05405405405405406,0.9459459459459459,0.8970810277942863
communal,37,0.02702702702702703,0.972972972972973,0.8970810277942863
delivering,37,0.0,1.0,0.8970810277942863
niche,37,0.08108108108108109,0.918918918918919,0.8970810277942863
integrity,36,0.027777777777777776,0.9722222222222222,0.9025582662265652
goodnatured,36,0.08333333333333333,0.9166666666666666,0.9025582662265652
pile,36,0.9722222222222222,0.027777777777777776,0.9025582662265652
deceptively,36,0.027777777777777776,0.9722222222222222,0.9025582662265652
dubbed,36,1.0,0.0,0.9025582662265652
rehash,36,0.9444444444444444,0.05555555555555555,0.9025582662265652
spite,36,0.08333333333333333,0.9166666666666666,0.9025582662265652
constant,36,0.0,1.0,0.9025582662265652
smartly,36,0.0,1.0,0.9025582662265652
son,36,0.08333333333333333,0.9166666666666666,0.9025582662265652
clumsily,36,0.9722222222222222,0.027777777777777776,0.9025582662265652
traditional,35,0.08571428571428572,0.9142857142857143,0.9082685977730197
labored,35,1.0,0.0,0.9082685977730197
rent,35,0.9142857142857143,0.08571428571428572,0.9082685977730197
sweeping,35,0.08571428571428572,0.9142857142857143,0.9082685977730197
draws,35,0.0,1.0,0.9082685977730197
embarrassment,35,0.9142857142857143,0.08571428571428572,0.9082685977730197
proud,35,0.0,1.0,0.9082685977730197
landscape,35,0.02857142857142857,0.9714285714285714,0.9082685977730197
gently,35,0.02857142857142857,0.9714285714285714,0.9082685977730197
dullest,35,0.9714285714285714,0.02857142857142857,0.9082685977730197
spare,35,0.05714285714285714,0.9428571428571428,0.9082685977730197
appreciate,35,0.08571428571428572,0.9142857142857143,0.9082685977730197
exotic,35,0.05714285714285714,0.9428571428571428,0.9082685977730197
distasteful,35,1.0,0.0,0.9082685977730197
feces,35,0.9142857142857143,0.08571428571428572,0.9082685977730197
spell,35,0.08571428571428572,0.9142857142857143,0.9082685977730197
alternately,35,0.02857142857142857,0.9714285714285714,0.9082685977730197
embraces,34,0.0,1.0,0.9142290385716638
flow,34,0.0,1.0,0.9142290385716638
imitation,34,0.9705882352941176,0.029411764705882353,0.9142290385716638
enthralling,34,0.058823529411764705,0.9411764705882353,0.9142290385716638
wooden,34,1.0,0.0,0.9142290385716638
weirdly,34,0.058823529411764705,0.9411764705882353,0.9142290385716638
richly,34,0.0,1.0,0.9142290385716638
polanski,34,0.058823529411764705,0.9411764705882353,0.9142290385716638
tradition,34,0.058823529411764705,0.9411764705882353,0.9142290385716638
diversion,34,0.029411764705882353,0.9705882352941176,0.9142290385716638
ingenious,34,0.058823529411764705,0.9411764705882353,0.9142290385716638
soggy,34,1.0,0.0,0.9142290385716638
openness,34,0.0,1.0,0.9142290385716638
screaming,34,1.0,0.0,0.9142290385716638
behold,33,0.0,1.0,0.9204583962218613
politically,33,0.06060606060606061,0.9393939393939394,0.9204583962218613
chinese,33,0.030303030303030304,0.9696969696969697,0.9204583962218613
rewards,33,0.06060606060606061,0.9393939393939394,0.9204583962218613
transcends,33,0.030303030303030304,0.9696969696969697,0.9204583962218613
vague,33,1.0,0.0,0.9204583962218613
junk,33,1.0,0.0,0.9204583962218613
delicately,33,0.030303030303030304,0.9696969696969697,0.9204583962218613
inspirational,33,0.030303030303030304,0.9696969696969697,0.9204583962218613
lackluster,33,1.0,0.0,0.9204583962218613
inane,33,0.9393939393939394,0.06060606060606061,0.9204583962218613
unflinching,33,0.06060606060606061,0.9393939393939394,0.9204583962218613
sentiment,33,0.9393939393939394,0.06060606060606061,0.9204583962218613
gloriously,33,0.06060606060606061,0.9393939393939394,0.9204583962218613
uncommonly,32,0.0,1.0,0.9269775198072556
finely,32,0.0,1.0,0.9269775198072556
sluggish,32,1.0,0.0,0.9269775198072556
insipid,32,1.0,0.0,0.9269775198072556
rushed,32,1.0,0.0,0.9269775198072556
understands,32,0.0,1.0,0.9269775198072556
explore,32,0.0625,0.9375,0.9269775198072556
locales,32,0.03125,0.96875,0.9269775198072556
returns,32,0.0625,0.9375,0.9269775198072556
technology,32,0.0,1.0,0.9269775198072556
slapdash,32,1.0,0.0,0.9269775198072556
garbage,32,1.0,0.0,0.9269775198072556
misery,32,0.9375,0.0625,0.9269775198072556
layers,32,0.0625,0.9375,0.9269775198072556
bringing,32,0.03125,0.96875,0.9269775198072556
sumptuous,32,0.0625,0.9375,0.9269775198072556
tremendous,32,0.0625,0.9375,0.9269775198072556
subtly,32,0.03125,0.96875,0.9269775198072556
celebrates,31,0.0,1.0,0.9338095939339826
likable,31,0.06451612903225806,0.9354838709677419,0.9338095939339826
graceless,31,1.0,0.0,0.9338095939339826
loose,31,1.0,0.0,0.9338095939339826
begin,31,0.9354838709677419,0.06451612903225806,0.9338095939339826
firing,31,0.9354838709677419,0.06451612903225806,0.9338095939339826
disgusting,31,0.9354838709677419,0.06451612903225806,0.9338095939339826
pleasurable,31,0.0,1.0,0.9338095939339826
unexpectedly,31,0.03225806451612903,0.967741935483871,0.9338095939339826
encouraging,31,0.0,1.0,0.9338095939339826
drags,31,0.9354838709677419,0.06451612903225806,0.9338095939339826
astounding,31,0.06451612903225806,0.9354838709677419,0.9338095939339826
whimsical,30,0.0,1.0,0.9409804862449196
gyllenhaal,30,0.0,1.0,0.9409804862449196
mistake,30,1.0,0.0,0.9409804862449196
newcomer,30,0.03333333333333333,0.9666666666666667,0.9409804862449196
lovers,30,0.0,1.0,0.9409804862449196
incoherence,30,0.9666666666666667,0.03333333333333333,0.9409804862449196
humorless,30,0.9666666666666667,0.03333333333333333,0.9409804862449196
hokum,30,0.9666666666666667,0.03333333333333333,0.9409804862449196
insulting,30,1.0,0.0,0.9409804862449196
timeless,30,0.0,1.0,0.9409804862449196
loads,30,1.0,0.0,0.9409804862449196
redundant,30,1.0,0.0,0.9409804862449196
dancing,30,0.03333333333333333,0.9666666666666667,0.9409804862449196
enormously,30,0.0,1.0,0.9409804862449196
pity,29,1.0,0.0,0.9485191602974581
ballot,29,0.0,1.0,0.9485191602974581
confused,29,0.9655172413793104,0.034482758620689655,0.9485191602974581
enduring,29,0.0,1.0,0.9485191602974581
clueless,29,1.0,0.0,0.9485191602974581
random,29,1.0,0.0,0.9485191602974581
finest,29,0.034482758620689655,0.9655172413793104,0.9485191602974581
enormous,29,0.034482758620689655,0.9655172413793104,0.9485191602974581
impeccable,29,0.0,1.0,0.9485191602974581
unfulfilling,29,1.0,0.0,0.9485191602974581
copy,29,1.0,0.0,0.9485191602974581
insult,29,1.0,0.0,0.9485191602974581
popular,29,0.0,1.0,0.9485191602974581
souls,29,0.0,1.0,0.9485191602974581
sordid,28,1.0,0.0,0.9564581688494956
implausible,28,1.0,0.0,0.9564581688494956
inviting,28,0.0,1.0,0.9564581688494956
dickens,28,0.03571428571428571,0.9642857142857143,0.9564581688494956
muddled,28,0.9642857142857143,0.03571428571428571,0.9564581688494956
exploiting,28,0.9642857142857143,0.03571428571428571,0.9564581688494956
miracle,28,0.0,1.0,0.9564581688494956
preposterous,28,1.0,0.0,0.9564581688494956
masterfully,28,0.0,1.0,0.9564581688494956
cobbled,28,1.0,0.0,0.9564581688494956
fluid,28,0.0,1.0,0.9564581688494956
stilted,28,1.0,0.0,0.9564581688494956
satisfies,28,0.0,1.0,0.9564581688494956
clue,28,0.9642857142857143,0.03571428571428571,0.9564581688494956
thinks,28,1.0,0.0,0.9564581688494956
disposable,27,1.0,0.0,0.9648342467408328
marvelously,27,0.0,1.0,0.9648342467408328
pitchperfect,27,0.0,1.0,0.9648342467408328
chabrol,27,0.0,1.0,0.9648342467408328
gorgeously,27,0.0,1.0,0.9648342467408328
elegance,27,0.0,1.0,0.9648342467408328
collapses,27,1.0,0.0,0.9648342467408328
tepid,27,1.0,0.0,0.9648342467408328
obligatory,27,1.0,0.0,0.9648342467408328
stinker,27,1.0,0.0,0.9648342467408328
grownup,27,0.0,1.0,0.9648342467408328
recovery,27,0.0,1.0,0.9648342467408328
britney,27,1.0,0.0,0.9648342467408328
wonders,26,0.0,1.0,0.9736890280416928
dawns,26,0.0,1.0,0.9736890280416928
dimwitted,26,1.0,0.0,0.9736890280416928
sleep,26,1.0,0.0,0.9736890280416928
sneaks,26,0.0,1.0,0.9736890280416928
sobering,26,0.0,1.0,0.9736890280416928
excesses,26,1.0,0.0,0.9736890280416928
kidman,26,0.0,1.0,0.9736890280416928
impersonal,26,1.0,0.0,0.9736890280416928
drown,26,1.0,0.0,0.9736890280416928
sensitivity,26,0.0,1.0,0.9736890280416928
expressive,26,0.0,1.0,0.9736890280416928
ruined,26,1.0,0.0,0.9736890280416928
stiff,26,1.0,0.0,0.9736890280416928
blandness,26,1.0,0.0,0.9736890280416928
dahmer,25,1.0,0.0,0.9830699194718782
whiny,25,1.0,0.0,0.9830699194718782
idiotic,25,1.0,0.0,0.9830699194718782
sly,25,0.0,1.0,0.9830699194718782
busy,25,1.0,0.0,0.9830699194718782
fiennes,25,1.0,0.0,0.9830699194718782
shines,25,0.0,1.0,0.9830699194718782
flashes,25,0.0,1.0,0.9830699194718782
emptiness,25,1.0,0.0,0.9830699194718782
solidly,25,0.0,1.0,0.9830699194718782
fits,25,0.0,1.0,0.9830699194718782
bracing,25,0.0,1.0,0.9830699194718782
toilet,25,1.0,0.0,0.9830699194718782
nonsense,25,1.0,0.0,0.9830699194718782
growth,24,0.0,1.0,0.9930311719972756
hack,24,1.0,0.0,0.9930311719972756
untalented,24,1.0,0.0,0.9930311719972756
failing,24,1.0,0.0,0.9930311719972756
contribution,24,0.0,1.0,0.9930311719972756
pit,24,1.0,0.0,0.9930311719972756
format,24,0.0,1.0,0.9930311719972756
wide,24,0.0,1.0,0.9930311719972756
costly,24,1.0,0.0,0.9930311719972756
wholesome,24,0.0,1.0,0.9930311719972756
lifts,24,0.0,1.0,0.9930311719972756
korean,24,0.0,1.0,0.9930311719972756
idiots,24,1.0,0.0,0.9930311719972756
hollow,24,1.0,0.0,0.9930311719972756
selfdiscovery,24,0.0,1.0,0.9930311719972756
pointed,24,0.0,1.0,0.9930311719972756
liberating,24,0.0,1.0,0.9930311719972756
profile,24,0.0,1.0,0.9930311719972756
hole,24,1.0,0.0,0.9930311719972756
sisters,24,0.0,1.0,0.9930311719972756
meaningless,24,1.0,0.0,0.9930311719972756
illuminating,24,0.0,1.0,0.9930311719972756
wondrous,24,0.0,1.0,0.9930311719972756
holly,24,0.0,1.0,0.9930311719972756
layered,24,0.0,1.0,0.9930311719972756
quarter,24,1.0,0.0,0.9930311719972756
uninteresting,24,1.0,0.0,0.9930311719972756
capturing,24,0.0,1.0,0.9930311719972756
status,24,0.0,1.0,0.9930311719972756
